Trade Type,Entry Price,Exit Price,Profit/Loss,Target Reached,Stop Loss Triggered,Session,Date,Time
Buy,9174.0,9198.0,24.0,True,False,Morning,2025-02-25,09:10:00
Sell,9187.0,9163.0,24.0,True,False,Morning,2025-02-25,09:15:00
Buy,9094.0,9092.0,-2.0,False,True,Morning,2025-02-25,09:20:00
Buy,9085.0,9109.0,24.0,True,False,Morning,2025-02-25,09:25:00
Sell,9106.0,9108.0,-2.0,False,True,Morning,2025-02-25,09:30:00
Buy,9102.0,9126.0,24.0,True,False,Morning,2025-02-25,09:35:00
Sell,9123.0,9125.0,-2.0,False,True,Morning,2025-02-25,09:40:00
Sell,9159.0,9161.0,-2.0,False,True,Morning,2025-02-25,09:45:00
Sell,9239.0,9241.0,-2.0,False,True,Morning,2025-02-25,09:50:00
Sell,9253.0,9255.0,-2.0,False,True,Morning,2025-02-25,09:55:00
Sell,9286.0,9288.0,-2.0,False,True,Morning,2025-02-25,10:00:00
Sell,9298.0,9300.0,-2.0,False,True,Morning,2025-02-25,10:05:00
Buy,9296.0,9294.0,-2.0,False,True,Morning,2025-02-25,10:10:00
Buy,9250.0,9274.0,24.0,True,False,Morning,2025-02-25,10:15:00
Buy,9229.0,9253.0,24.0,True,False,Morning,2025-02-25,10:20:00
Buy,9215.0,9239.0,24.0,True,False,Morning,2025-02-25,10:25:00
Sell,9256.0,9258.0,-2.0,False,True,Morning,2025-02-25,10:30:00
Buy,9255.0,9253.0,-2.0,False,True,Morning,2025-02-25,10:35:00
Buy,9240.0,9238.0,-2.0,False,True,Morning,2025-02-25,10:40:00
Sell,9247.0,9249.0,-2.0,False,True,Morning,2025-02-25,10:45:00
Sell,9250.0,9226.0,24.0,True,False,Morning,2025-02-25,10:50:00
Buy,9245.0,9243.0,-2.0,False,True,Morning,2025-02-25,10:55:00
Buy,9217.0,9223.0,6.0,False,False,Morning,2025-02-25,11:00:00
Sell,9224.0,9226.0,-2.0,False,True,Morning,2025-02-25,11:05:00
Sell,9254.0,9256.0,-2.0,False,True,Morning,2025-02-25,11:10:00
Buy,9251.0,9249.0,-2.0,False,True,Morning,2025-02-25,11:15:00
Sell,9259.0,9235.0,24.0,True,False,Morning,2025-02-25,11:20:00
Buy,9234.0,9232.0,-2.0,False,True,Morning,2025-02-25,11:25:00
Buy,9157.0,9156.0,-1.0,False,False,Morning,2025-02-25,11:30:00
Buy,9130.0,9154.0,24.0,True,False,Afternoon,2025-02-25,12:30:00
Sell,9154.0,9130.0,24.0,True,False,Afternoon,2025-02-25,12:35:00
Buy,9149.0,9147.0,-2.0,False,True,Afternoon,2025-02-25,12:40:00
Buy,9129.0,9127.0,-2.0,False,True,Afternoon,2025-02-25,12:45:00
Buy,9105.0,9103.0,-2.0,False,True,Afternoon,2025-02-25,12:50:00
Buy,9080.0,9078.0,-2.0,False,True,Afternoon,2025-02-25,12:55:00
Buy,9064.0,9062.0,-2.0,False,True,Afternoon,2025-02-25,13:00:00
Buy,9046.0,9070.0,24.0,True,False,Afternoon,2025-02-25,13:05:00
Sell,9081.0,9057.0,24.0,True,False,Afternoon,2025-02-25,13:10:00
Buy,9079.0,9077.0,-2.0,False,True,Afternoon,2025-02-25,13:15:00
Buy,9069.0,9067.0,-2.0,False,True,Afternoon,2025-02-25,13:20:00
Buy,9061.0,9059.0,-2.0,False,True,Afternoon,2025-02-25,13:25:00
,9062.0,,0.0,False,False,Afternoon,2025-02-25,13:30:00
Sell,9068.0,9044.0,24.0,True,False,Afternoon,2025-02-25,13:35:00
Buy,9043.0,9041.0,-2.0,False,True,Afternoon,2025-02-25,13:40:00
Buy,9038.0,9036.0,-2.0,False,True,Afternoon,2025-02-25,13:45:00
Sell,9044.0,9046.0,-2.0,False,True,Afternoon,2025-02-25,13:50:00
Buy,9036.0,9034.0,-2.0,False,True,Afternoon,2025-02-25,13:55:00
Buy,9024.0,9022.0,-2.0,False,True,Afternoon,2025-02-25,14:00:00
Sell,9042.0,9044.0,-2.0,False,True,Afternoon,2025-02-25,14:05:00
Buy,9037.0,9035.0,-2.0,False,True,Afternoon,2025-02-25,14:10:00
Buy,9031.0,9029.0,-2.0,False,True,Afternoon,2025-02-25,14:15:00
Buy,9029.0,9027.0,-2.0,False,True,Afternoon,2025-02-25,14:20:00
Buy,9018.0,9016.0,-2.0,False,True,Afternoon,2025-02-25,14:25:00
Sell,9030.0,9032.0,-2.0,False,True,Afternoon,2025-02-25,14:30:00
Buy,9029.0,9027.0,-2.0,False,True,Afternoon,2025-02-25,14:35:00
Sell,9041.0,9031.0,10.0,False,False,Afternoon,2025-02-25,14:40:00
Buy,9032.0,9030.0,-2.0,False,True,Afternoon,2025-02-25,14:45:00
Buy,9029.0,9027.0,-2.0,False,True,Afternoon,2025-02-25,14:50:00
Buy,9028.0,9026.0,-2.0,False,True,Afternoon,2025-02-25,14:55:00
Sell,9035.0,9011.0,24.0,True,False,Afternoon,2025-02-25,15:00:00
Buy,9006.0,9004.0,-2.0,False,True,Afternoon,2025-02-25,15:05:00
Buy,8999.0,8997.0,-2.0,False,True,Afternoon,2025-02-25,15:10:00
Buy,8986.0,8984.0,-2.0,False,True,Afternoon,2025-02-25,15:15:00
Buy,8986.0,8984.0,-2.0,False,True,Afternoon,2025-02-25,15:20:00
Sell,8985.0,8985.0,0.0,False,False,Morning,2025-02-26,09:00:00
,8984.0,,0.0,False,False,Morning,2025-02-26,09:05:00
Buy,8942.0,8966.0,24.0,True,False,Morning,2025-02-26,09:10:00
Sell,8971.0,8947.0,24.0,True,False,Morning,2025-02-26,09:15:00
Buy,8955.0,8979.0,24.0,True,False,Morning,2025-02-26,09:20:00
Sell,8958.0,8960.0,-2.0,False,True,Morning,2025-02-26,09:25:00
Buy,8955.0,8953.0,-2.0,False,True,Morning,2025-02-26,09:30:00
Buy,8947.0,8945.0,-2.0,False,True,Morning,2025-02-26,09:35:00
Buy,8889.0,8913.0,24.0,True,False,Morning,2025-02-26,09:40:00
Buy,8865.0,8889.0,24.0,True,False,Morning,2025-02-26,09:45:00
Sell,8894.0,8870.0,24.0,True,False,Morning,2025-02-26,09:50:00
Buy,8875.0,8873.0,-2.0,False,True,Morning,2025-02-26,09:55:00
Buy,8843.0,8867.0,24.0,True,False,Morning,2025-02-26,10:00:00
Sell,8903.0,8879.0,24.0,True,False,Morning,2025-02-26,10:05:00
Buy,8879.0,8903.0,24.0,True,False,Morning,2025-02-26,10:10:00
Sell,8911.0,8913.0,-2.0,False,True,Morning,2025-02-26,10:15:00
Sell,8958.0,8960.0,-2.0,False,True,Morning,2025-02-26,10:20:00
Buy,8957.0,8955.0,-2.0,False,True,Morning,2025-02-26,10:25:00
Buy,8954.0,8978.0,24.0,True,False,Morning,2025-02-26,10:30:00
Sell,8958.0,8934.0,24.0,True,False,Morning,2025-02-26,10:35:00
Buy,8930.0,8954.0,24.0,True,False,Morning,2025-02-26,10:40:00
Sell,8959.0,8961.0,-2.0,False,True,Morning,2025-02-26,10:45:00
Buy,8950.0,8955.0,5.0,False,False,Morning,2025-02-26,10:50:00
Sell,8953.0,8955.0,-2.0,False,True,Morning,2025-02-26,10:55:00
Buy,8954.0,8952.0,-2.0,False,True,Morning,2025-02-26,11:00:00
Buy,8944.0,8942.0,-2.0,False,True,Morning,2025-02-26,11:05:00
Sell,8945.0,8947.0,-2.0,False,True,Morning,2025-02-26,11:10:00
Sell,8957.0,8959.0,-2.0,False,True,Morning,2025-02-26,11:15:00
Sell,8966.0,8968.0,-2.0,False,True,Morning,2025-02-26,11:20:00
Buy,8960.0,8970.0,10.0,False,False,Morning,2025-02-26,11:25:00
Sell,8966.0,8966.0,0.0,False,False,Morning,2025-02-26,11:30:00
,9003.0,,0.0,False,False,Afternoon,2025-02-26,12:30:00
,9003.0,,0.0,False,False,Afternoon,2025-02-26,12:35:00
Buy,8976.0,8974.0,-2.0,False,True,Afternoon,2025-02-26,12:40:00
Sell,8992.0,8968.0,24.0,True,False,Afternoon,2025-02-26,12:45:00
Buy,8957.0,8955.0,-2.0,False,True,Afternoon,2025-02-26,12:50:00
Sell,8969.0,8971.0,-2.0,False,True,Afternoon,2025-02-26,12:55:00
Buy,8965.0,8989.0,24.0,True,False,Afternoon,2025-02-26,13:00:00
Sell,9007.0,9009.0,-2.0,False,True,Afternoon,2025-02-26,13:05:00
Buy,8998.0,8996.0,-2.0,False,True,Afternoon,2025-02-26,13:10:00
Buy,8980.0,9004.0,24.0,True,False,Afternoon,2025-02-26,13:15:00
Sell,9005.0,9000.0,5.0,False,False,Afternoon,2025-02-26,13:20:00
Buy,9000.0,8998.0,-2.0,False,True,Afternoon,2025-02-26,13:25:00
Sell,9002.0,9004.0,-2.0,False,True,Afternoon,2025-02-26,13:30:00
Sell,9012.0,9014.0,-2.0,False,True,Afternoon,2025-02-26,13:35:00
Buy,9007.0,9005.0,-2.0,False,True,Afternoon,2025-02-26,13:40:00
Sell,9027.0,9029.0,-2.0,False,True,Afternoon,2025-02-26,13:45:00
Sell,9032.0,9034.0,-2.0,False,True,Afternoon,2025-02-26,13:50:00
Buy,9016.0,9014.0,-2.0,False,True,Afternoon,2025-02-26,13:55:00
Buy,9015.0,9025.0,10.0,False,False,Afternoon,2025-02-26,14:00:00
Sell,9023.0,9025.0,-2.0,False,True,Afternoon,2025-02-26,14:05:00
Sell,9038.0,9040.0,-2.0,False,True,Afternoon,2025-02-26,14:10:00
Sell,9042.0,9044.0,-2.0,False,True,Afternoon,2025-02-26,14:15:00
Buy,9028.0,9026.0,-2.0,False,True,Afternoon,2025-02-26,14:20:00
Sell,9038.0,9040.0,-2.0,False,True,Afternoon,2025-02-26,14:25:00
Buy,9036.0,9034.0,-2.0,False,True,Afternoon,2025-02-26,14:30:00
Buy,9016.0,9030.0,14.0,False,False,Afternoon,2025-02-26,14:35:00
Sell,9029.0,9031.0,-2.0,False,True,Afternoon,2025-02-26,14:40:00
Sell,9045.0,9047.0,-2.0,False,True,Afternoon,2025-02-26,14:45:00
Buy,9043.0,9067.0,24.0,True,False,Afternoon,2025-02-26,14:50:00
Sell,9048.0,9050.0,-2.0,False,True,Afternoon,2025-02-26,14:55:00
Buy,9034.0,9043.0,9.0,False,False,Afternoon,2025-02-26,15:00:00
Sell,9044.0,9046.0,-2.0,False,True,Afternoon,2025-02-26,15:05:00
Sell,9055.0,9057.0,-2.0,False,True,Afternoon,2025-02-26,15:10:00
Sell,9058.0,9060.0,-2.0,False,True,Afternoon,2025-02-26,15:15:00
Buy,9046.0,9044.0,-2.0,False,True,Afternoon,2025-02-26,15:20:00
Sell,9059.0,9059.0,0.0,False,False,Afternoon,2025-02-26,15:25:00
,9053.0,,0.0,False,False,Morning,2025-02-27,09:00:00
Sell,9056.0,9032.0,24.0,True,False,Morning,2025-02-27,09:05:00
Sell,9069.0,9045.0,24.0,True,False,Morning,2025-02-27,09:10:00
Buy,9058.0,9082.0,24.0,True,False,Morning,2025-02-27,09:15:00
Sell,9083.0,9059.0,24.0,True,False,Morning,2025-02-27,09:20:00
Sell,9096.0,9098.0,-2.0,False,True,Morning,2025-02-27,09:25:00
Buy,9090.0,9088.0,-2.0,False,True,Morning,2025-02-27,09:30:00
Buy,9061.0,9085.0,24.0,True,False,Morning,2025-02-27,09:35:00
Sell,9084.0,9086.0,-2.0,False,True,Morning,2025-02-27,09:40:00
Sell,9098.0,9074.0,24.0,True,False,Morning,2025-02-27,09:45:00
Buy,9092.0,9090.0,-2.0,False,True,Morning,2025-02-27,09:50:00
Buy,9062.0,9060.0,-2.0,False,True,Morning,2025-02-27,09:55:00
Buy,9019.0,9017.0,-2.0,False,True,Morning,2025-02-27,10:00:00
Sell,9031.0,9007.0,24.0,True,False,Morning,2025-02-27,10:05:00
Buy,9007.0,9005.0,-2.0,False,True,Morning,2025-02-27,10:10:00
Sell,9008.0,9010.0,-2.0,False,True,Morning,2025-02-27,10:15:00
Sell,9008.0,8984.0,24.0,True,False,Morning,2025-02-27,10:20:00
Buy,8977.0,8975.0,-2.0,False,True,Morning,2025-02-27,10:25:00
Buy,8943.0,8941.0,-2.0,False,True,Morning,2025-02-27,10:30:00
Buy,8938.0,8936.0,-2.0,False,True,Morning,2025-02-27,10:35:00
Buy,8929.0,8927.0,-2.0,False,True,Morning,2025-02-27,10:40:00
Buy,8908.0,8906.0,-2.0,False,True,Morning,2025-02-27,10:45:00
Buy,8894.0,8892.0,-2.0,False,True,Morning,2025-02-27,10:50:00
Buy,8879.0,8877.0,-2.0,False,True,Morning,2025-02-27,10:55:00
Buy,8859.0,8857.0,-2.0,False,True,Morning,2025-02-27,11:00:00
Buy,8843.0,8841.0,-2.0,False,True,Morning,2025-02-27,11:05:00
Buy,8826.0,8850.0,24.0,True,False,Morning,2025-02-27,11:10:00
Sell,8885.0,8887.0,-2.0,False,True,Morning,2025-02-27,11:15:00
Sell,8934.0,8936.0,-2.0,False,True,Morning,2025-02-27,11:20:00
Sell,8959.0,8935.0,24.0,True,False,Morning,2025-02-27,11:25:00
Buy,8955.0,8955.0,0.0,False,False,Morning,2025-02-27,11:30:00
,8955.0,,0.0,False,False,Afternoon,2025-02-27,12:30:00
Sell,9004.0,8980.0,24.0,True,False,Afternoon,2025-02-27,12:35:00
Buy,8983.0,8981.0,-2.0,False,True,Afternoon,2025-02-27,12:40:00
Buy,8950.0,8948.0,-2.0,False,True,Afternoon,2025-02-27,12:45:00
Buy,8928.0,8926.0,-2.0,False,True,Afternoon,2025-02-27,12:50:00
Buy,8893.0,8891.0,-2.0,False,True,Afternoon,2025-02-27,12:55:00
Buy,8874.0,8872.0,-2.0,False,True,Afternoon,2025-02-27,13:00:00
Sell,8885.0,8861.0,24.0,True,False,Afternoon,2025-02-27,13:05:00
Buy,8858.0,8856.0,-2.0,False,True,Afternoon,2025-02-27,13:10:00
Buy,8843.0,8841.0,-2.0,False,True,Afternoon,2025-02-27,13:15:00
Sell,8849.0,8851.0,-2.0,False,True,Afternoon,2025-02-27,13:20:00
Buy,8829.0,8844.0,15.0,False,False,Afternoon,2025-02-27,13:25:00
Sell,8843.0,8819.0,24.0,True,False,Afternoon,2025-02-27,13:30:00
Buy,8826.0,8824.0,-2.0,False,True,Afternoon,2025-02-27,13:35:00
Sell,8838.0,8840.0,-2.0,False,True,Afternoon,2025-02-27,13:40:00
Sell,8850.0,8848.0,2.0,False,False,Afternoon,2025-02-27,13:45:00
Buy,8846.0,8844.0,-2.0,False,True,Afternoon,2025-02-27,13:50:00
Buy,8844.0,8868.0,24.0,True,False,Afternoon,2025-02-27,13:55:00
Sell,8870.0,8872.0,-2.0,False,True,Afternoon,2025-02-27,14:00:00
Buy,8868.0,8866.0,-2.0,False,True,Afternoon,2025-02-27,14:05:00
Sell,8871.0,8873.0,-2.0,False,True,Afternoon,2025-02-27,14:10:00
Buy,8854.0,8852.0,-2.0,False,True,Afternoon,2025-02-27,14:15:00
Buy,8835.0,8833.0,-2.0,False,True,Afternoon,2025-02-27,14:20:00
Sell,8854.0,8832.0,22.0,False,False,Afternoon,2025-02-27,14:25:00
Buy,8832.0,8830.0,-2.0,False,True,Afternoon,2025-02-27,14:30:00
Buy,8825.0,8823.0,-2.0,False,True,Afternoon,2025-02-27,14:35:00
Buy,8803.0,8827.0,24.0,True,False,Afternoon,2025-02-27,14:40:00
Sell,8843.0,8845.0,-2.0,False,True,Afternoon,2025-02-27,14:45:00
Buy,8841.0,8865.0,24.0,True,False,Afternoon,2025-02-27,14:50:00
Sell,8859.0,8861.0,-2.0,False,True,Afternoon,2025-02-27,14:55:00
Sell,8864.0,8866.0,-2.0,False,True,Afternoon,2025-02-27,15:00:00
Sell,8893.0,8869.0,24.0,True,False,Afternoon,2025-02-27,15:05:00
Buy,8862.0,8860.0,-2.0,False,True,Afternoon,2025-02-27,15:10:00
Sell,8866.0,8868.0,-2.0,False,True,Afternoon,2025-02-27,15:15:00
Sell,8885.0,8887.0,-2.0,False,True,Afternoon,2025-02-27,15:20:00
Sell,8200.0,8176.0,24.0,True,False,Morning,2025-02-28,09:10:00
Buy,8099.0,8097.0,-2.0,False,True,Morning,2025-02-28,09:15:00
Buy,8056.0,8054.0,-2.0,False,True,Morning,2025-02-28,09:20:00
Buy,8009.0,8033.0,24.0,True,False,Morning,2025-02-28,09:25:00
Sell,8071.0,8073.0,-2.0,False,True,Morning,2025-02-28,09:30:00
Sell,8135.0,8111.0,24.0,True,False,Morning,2025-02-28,09:35:00
Buy,8133.0,8131.0,-2.0,False,True,Morning,2025-02-28,09:40:00
Buy,8101.0,8099.0,-2.0,False,True,Morning,2025-02-28,09:45:00
Buy,8079.0,8103.0,24.0,True,False,Morning,2025-02-28,09:50:00
Sell,8109.0,8111.0,-2.0,False,True,Morning,2025-02-28,09:55:00
Sell,8127.0,8103.0,24.0,True,False,Morning,2025-02-28,10:00:00
Buy,8101.0,8099.0,-2.0,False,True,Morning,2025-02-28,10:05:00
Sell,8106.0,8108.0,-2.0,False,True,Morning,2025-02-28,10:10:00
,8106.0,,0.0,False,False,Morning,2025-02-28,10:15:00
Sell,8107.0,8109.0,-2.0,False,True,Morning,2025-02-28,10:20:00
Sell,8148.0,8150.0,-2.0,False,True,Morning,2025-02-28,10:25:00
Buy,8134.0,8132.0,-2.0,False,True,Morning,2025-02-28,10:30:00
Buy,8110.0,8108.0,-2.0,False,True,Morning,2025-02-28,10:35:00
,8110.0,,0.0,False,False,Morning,2025-02-28,10:40:00
Buy,8101.0,8125.0,24.0,True,False,Morning,2025-02-28,10:45:00
Buy,8097.0,8095.0,-2.0,False,True,Morning,2025-02-28,10:50:00
Buy,8091.0,8089.0,-2.0,False,True,Morning,2025-02-28,10:55:00
Buy,8073.0,8071.0,-2.0,False,True,Morning,2025-02-28,11:00:00
Sell,8077.0,8079.0,-2.0,False,True,Morning,2025-02-28,11:05:00
Buy,8070.0,8068.0,-2.0,False,True,Morning,2025-02-28,11:10:00
Buy,8060.0,8058.0,-2.0,False,True,Morning,2025-02-28,11:15:00
,8060.0,,0.0,False,False,Morning,2025-02-28,11:20:00
Sell,8073.0,8075.0,-2.0,False,True,Morning,2025-02-28,11:25:00
Sell,8088.0,8090.0,-2.0,False,True,Morning,2025-02-28,11:30:00
Sell,8065.0,8052.0,13.0,False,False,Afternoon,2025-02-28,12:30:00
Buy,8053.0,8051.0,-2.0,False,True,Afternoon,2025-02-28,12:35:00
Sell,8064.0,8040.0,24.0,True,False,Afternoon,2025-02-28,12:40:00
Buy,8037.0,8035.0,-2.0,False,True,Afternoon,2025-02-28,12:45:00
Buy,8022.0,8033.0,11.0,False,False,Afternoon,2025-02-28,12:50:00
Sell,8032.0,8034.0,-2.0,False,True,Afternoon,2025-02-28,12:55:00
Sell,8049.0,8051.0,-2.0,False,True,Afternoon,2025-02-28,13:00:00
Buy,8042.0,8040.0,-2.0,False,True,Afternoon,2025-02-28,13:05:00
Buy,8039.0,8037.0,-2.0,False,True,Afternoon,2025-02-28,13:10:00
Buy,8017.0,8028.0,11.0,False,False,Afternoon,2025-02-28,13:15:00
Sell,8028.0,8030.0,-2.0,False,True,Afternoon,2025-02-28,13:20:00
Sell,8043.0,8045.0,-2.0,False,True,Afternoon,2025-02-28,13:25:00
Sell,8051.0,8053.0,-2.0,False,True,Afternoon,2025-02-28,13:30:00
Sell,8065.0,8067.0,-2.0,False,True,Afternoon,2025-02-28,13:35:00
Sell,8091.0,8093.0,-2.0,False,True,Afternoon,2025-02-28,13:40:00
Sell,8113.0,8115.0,-2.0,False,True,Afternoon,2025-02-28,13:45:00
,8114.0,,0.0,False,False,Afternoon,2025-02-28,13:50:00
Buy,8101.0,8099.0,-2.0,False,True,Afternoon,2025-02-28,13:55:00
Buy,8062.0,8060.0,-2.0,False,True,Afternoon,2025-02-28,14:00:00
,8063.0,,0.0,False,False,Afternoon,2025-02-28,14:05:00
Sell,8074.0,8076.0,-2.0,False,True,Afternoon,2025-02-28,14:10:00
Sell,8081.0,8083.0,-2.0,False,True,Afternoon,2025-02-28,14:15:00
Buy,8079.0,8103.0,24.0,True,False,Afternoon,2025-02-28,14:20:00
Sell,8103.0,8105.0,-2.0,False,True,Afternoon,2025-02-28,14:25:00
Buy,8097.0,8095.0,-2.0,False,True,Afternoon,2025-02-28,14:30:00
Buy,8086.0,8084.0,-2.0,False,True,Afternoon,2025-02-28,14:35:00
Sell,8096.0,8098.0,-2.0,False,True,Afternoon,2025-02-28,14:40:00
Sell,8104.0,8106.0,-2.0,False,True,Afternoon,2025-02-28,14:45:00
Buy,8098.0,8096.0,-2.0,False,True,Afternoon,2025-02-28,14:50:00
Buy,8094.0,8092.0,-2.0,False,True,Afternoon,2025-02-28,14:55:00
Sell,8097.0,8099.0,-2.0,False,True,Afternoon,2025-02-28,15:00:00
Buy,8091.0,8089.0,-2.0,False,True,Afternoon,2025-02-28,15:05:00
Sell,8096.0,8098.0,-2.0,False,True,Afternoon,2025-02-28,15:10:00
Sell,8100.0,8102.0,-2.0,False,True,Afternoon,2025-02-28,15:15:00
Buy,8095.0,8093.0,-2.0,False,True,Afternoon,2025-02-28,15:20:00
Sell,8329.0,8305.0,24.0,True,False,Morning,2025-03-03,09:00:00
Buy,8215.0,8213.0,-2.0,False,True,Morning,2025-03-03,09:05:00
Buy,8199.0,8197.0,-2.0,False,True,Morning,2025-03-03,09:10:00
Buy,8163.0,8161.0,-2.0,False,True,Morning,2025-03-03,09:15:00
Buy,8125.0,8149.0,24.0,True,False,Morning,2025-03-03,09:20:00
Buy,8119.0,8143.0,24.0,True,False,Morning,2025-03-03,09:25:00
Buy,8117.0,8141.0,24.0,True,False,Morning,2025-03-03,09:30:00
Sell,8132.0,8134.0,-2.0,False,True,Morning,2025-03-03,09:35:00
Sell,8144.0,8130.0,14.0,False,False,Morning,2025-03-03,09:40:00
Buy,8131.0,8129.0,-2.0,False,True,Morning,2025-03-03,09:45:00
Sell,8154.0,8156.0,-2.0,False,True,Morning,2025-03-03,09:50:00
Sell,8163.0,8139.0,24.0,True,False,Morning,2025-03-03,09:55:00
Buy,8149.0,8173.0,24.0,True,False,Morning,2025-03-03,10:00:00
Sell,8159.0,8135.0,24.0,True,False,Morning,2025-03-03,10:05:00
Buy,8135.0,8133.0,-2.0,False,True,Morning,2025-03-03,10:10:00
Buy,8123.0,8121.0,-2.0,False,True,Morning,2025-03-03,10:15:00
Sell,8131.0,8133.0,-2.0,False,True,Morning,2025-03-03,10:20:00
Sell,8135.0,8131.0,4.0,False,False,Morning,2025-03-03,10:25:00
Buy,8130.0,8128.0,-2.0,False,True,Morning,2025-03-03,10:30:00
Buy,8120.0,8118.0,-2.0,False,True,Morning,2025-03-03,10:35:00
Buy,8091.0,8089.0,-2.0,False,True,Morning,2025-03-03,10:40:00
Buy,8052.0,8076.0,24.0,True,False,Morning,2025-03-03,10:45:00
Sell,8069.0,8071.0,-2.0,False,True,Morning,2025-03-03,10:50:00
Sell,8076.0,8052.0,24.0,True,False,Morning,2025-03-03,10:55:00
Buy,8052.0,8050.0,-2.0,False,True,Morning,2025-03-03,11:00:00
Sell,8060.0,8036.0,24.0,True,False,Morning,2025-03-03,11:05:00
Buy,8038.0,8036.0,-2.0,False,True,Morning,2025-03-03,11:10:00
Sell,8043.0,8045.0,-2.0,False,True,Morning,2025-03-03,11:15:00
Sell,8048.0,8050.0,-2.0,False,True,Morning,2025-03-03,11:20:00
Sell,8072.0,8074.0,-2.0,False,True,Morning,2025-03-03,11:25:00
Buy,8061.0,8065.0,4.0,False,False,Morning,2025-03-03,11:30:00
Sell,8066.0,8068.0,-2.0,False,True,Afternoon,2025-03-03,12:30:00
Sell,8066.0,8068.0,-2.0,False,True,Afternoon,2025-03-03,12:35:00
Sell,8094.0,8096.0,-2.0,False,True,Afternoon,2025-03-03,12:40:00
Buy,8084.0,8091.0,7.0,False,False,Afternoon,2025-03-03,12:45:00
Sell,8092.0,8094.0,-2.0,False,True,Afternoon,2025-03-03,12:50:00
Buy,8087.0,8085.0,-2.0,False,True,Afternoon,2025-03-03,12:55:00
Buy,8082.0,8095.0,13.0,False,False,Afternoon,2025-03-03,13:00:00
Sell,8095.0,8097.0,-2.0,False,True,Afternoon,2025-03-03,13:05:00
Sell,8098.0,8091.0,7.0,False,False,Afternoon,2025-03-03,13:10:00
Buy,8092.0,8090.0,-2.0,False,True,Afternoon,2025-03-03,13:15:00
,8092.0,,0.0,False,False,Afternoon,2025-03-03,13:20:00
Sell,8092.0,8094.0,-2.0,False,True,Afternoon,2025-03-03,13:25:00
Buy,8074.0,8072.0,-2.0,False,True,Afternoon,2025-03-03,13:30:00
Sell,8074.0,8076.0,-2.0,False,True,Afternoon,2025-03-03,13:35:00
Buy,8072.0,8084.0,12.0,False,False,Afternoon,2025-03-03,13:40:00
Sell,8084.0,8081.0,3.0,False,False,Afternoon,2025-03-03,13:45:00
Buy,8081.0,8079.0,-2.0,False,True,Afternoon,2025-03-03,13:50:00
Buy,8077.0,8079.0,2.0,False,False,Afternoon,2025-03-03,13:55:00
Sell,8079.0,8081.0,-2.0,False,True,Afternoon,2025-03-03,14:00:00
Sell,8095.0,8084.0,11.0,False,False,Afternoon,2025-03-03,14:05:00
Buy,8084.0,8082.0,-2.0,False,True,Afternoon,2025-03-03,14:10:00
Sell,8087.0,8089.0,-2.0,False,True,Afternoon,2025-03-03,14:15:00
Sell,8097.0,8099.0,-2.0,False,True,Afternoon,2025-03-03,14:20:00
Buy,8091.0,8095.0,4.0,False,False,Afternoon,2025-03-03,14:25:00
Sell,8094.0,8096.0,-2.0,False,True,Afternoon,2025-03-03,14:30:00
Sell,8101.0,8103.0,-2.0,False,True,Afternoon,2025-03-03,14:35:00
Sell,8104.0,8106.0,-2.0,False,True,Afternoon,2025-03-03,14:40:00
Buy,8103.0,8101.0,-2.0,False,True,Afternoon,2025-03-03,14:45:00
Buy,8099.0,8097.0,-2.0,False,True,Afternoon,2025-03-03,14:50:00
Buy,8092.0,8105.0,13.0,False,False,Afternoon,2025-03-03,14:55:00
Sell,8104.0,8101.0,3.0,False,False,Afternoon,2025-03-03,15:00:00
Buy,8101.0,8099.0,-2.0,False,True,Afternoon,2025-03-03,15:05:00
Buy,8098.0,8096.0,-2.0,False,True,Afternoon,2025-03-03,15:10:00
Sell,8103.0,8105.0,-2.0,False,True,Afternoon,2025-03-03,15:15:00
Sell,8107.0,8109.0,-2.0,False,True,Afternoon,2025-03-03,15:20:00
Sell,7500.0,7476.0,24.0,True,False,Morning,2025-03-04,09:10:00
Buy,7487.0,7511.0,24.0,True,False,Morning,2025-03-04,09:15:00
Sell,7552.0,7528.0,24.0,True,False,Morning,2025-03-04,09:20:00
Buy,7487.0,7511.0,24.0,True,False,Morning,2025-03-04,09:25:00
Sell,7520.0,7496.0,24.0,True,False,Morning,2025-03-04,09:30:00
Buy,7492.0,7516.0,24.0,True,False,Morning,2025-03-04,09:35:00
Sell,7501.0,7477.0,24.0,True,False,Morning,2025-03-04,09:40:00
Buy,7478.0,7502.0,24.0,True,False,Morning,2025-03-04,09:45:00
Sell,7512.0,7514.0,-2.0,False,True,Morning,2025-03-04,09:50:00
,7513.0,,0.0,False,False,Morning,2025-03-04,09:55:00
Buy,7492.0,7490.0,-2.0,False,True,Morning,2025-03-04,10:00:00
Buy,7453.0,7451.0,-2.0,False,True,Morning,2025-03-04,10:05:00
Buy,7449.0,7447.0,-2.0,False,True,Morning,2025-03-04,10:10:00
Buy,7425.0,7423.0,-2.0,False,True,Morning,2025-03-04,10:15:00
Buy,7411.0,7435.0,24.0,True,False,Morning,2025-03-04,10:20:00
Sell,7435.0,7437.0,-2.0,False,True,Morning,2025-03-04,10:25:00
Sell,7436.0,7412.0,24.0,True,False,Morning,2025-03-04,10:30:00
Buy,7411.0,7435.0,24.0,True,False,Morning,2025-03-04,10:35:00
Sell,7444.0,7446.0,-2.0,False,True,Morning,2025-03-04,10:40:00
Buy,7440.0,7438.0,-2.0,False,True,Morning,2025-03-04,10:45:00
Sell,7442.0,7444.0,-2.0,False,True,Morning,2025-03-04,10:50:00
Sell,7455.0,7457.0,-2.0,False,True,Morning,2025-03-04,10:55:00
Sell,7466.0,7468.0,-2.0,False,True,Morning,2025-03-04,11:00:00
Sell,7492.0,7494.0,-2.0,False,True,Morning,2025-03-04,11:05:00
Sell,7522.0,7524.0,-2.0,False,True,Morning,2025-03-04,11:10:00
Sell,7589.0,7591.0,-2.0,False,True,Morning,2025-03-04,11:15:00
Sell,7597.0,7599.0,-2.0,False,True,Morning,2025-03-04,11:20:00
Sell,7624.0,7626.0,-2.0,False,True,Morning,2025-03-04,11:25:00
,7625.0,,0.0,False,False,Morning,2025-03-04,11:30:00
Sell,7648.0,7650.0,-2.0,False,True,Afternoon,2025-03-04,12:30:00
Sell,7652.0,7628.0,24.0,True,False,Afternoon,2025-03-04,12:35:00
Buy,7625.0,7649.0,24.0,True,False,Afternoon,2025-03-04,12:40:00
Sell,7648.0,7624.0,24.0,True,False,Afternoon,2025-03-04,12:45:00
Buy,7643.0,7641.0,-2.0,False,True,Afternoon,2025-03-04,12:50:00
,7645.0,,0.0,False,False,Afternoon,2025-03-04,12:55:00
Sell,7673.0,7675.0,-2.0,False,True,Afternoon,2025-03-04,13:00:00
Buy,7654.0,7652.0,-2.0,False,True,Afternoon,2025-03-04,13:05:00
Buy,7649.0,7647.0,-2.0,False,True,Afternoon,2025-03-04,13:10:00
Buy,7636.0,7634.0,-2.0,False,True,Afternoon,2025-03-04,13:15:00
Sell,7647.0,7649.0,-2.0,False,True,Afternoon,2025-03-04,13:20:00
Sell,7664.0,7666.0,-2.0,False,True,Afternoon,2025-03-04,13:25:00
,7664.0,,0.0,False,False,Afternoon,2025-03-04,13:30:00
Sell,7693.0,7695.0,-2.0,False,True,Afternoon,2025-03-04,13:35:00
Buy,7692.0,7690.0,-2.0,False,True,Afternoon,2025-03-04,13:40:00
Buy,7674.0,7672.0,-2.0,False,True,Afternoon,2025-03-04,13:45:00
Buy,7670.0,7668.0,-2.0,False,True,Afternoon,2025-03-04,13:50:00
Buy,7664.0,7662.0,-2.0,False,True,Afternoon,2025-03-04,13:55:00
Sell,7675.0,7651.0,24.0,True,False,Afternoon,2025-03-04,14:00:00
Sell,7701.0,7703.0,-2.0,False,True,Afternoon,2025-03-04,14:05:00
Sell,7707.0,7700.0,7.0,False,False,Afternoon,2025-03-04,14:10:00
Buy,7699.0,7723.0,24.0,True,False,Afternoon,2025-03-04,14:15:00
Sell,7724.0,7726.0,-2.0,False,True,Afternoon,2025-03-04,14:20:00
Sell,7740.0,7742.0,-2.0,False,True,Afternoon,2025-03-04,14:25:00
Buy,7735.0,7733.0,-2.0,False,True,Afternoon,2025-03-04,14:30:00
Sell,7745.0,7747.0,-2.0,False,True,Afternoon,2025-03-04,14:35:00
Buy,7733.0,7736.0,3.0,False,False,Afternoon,2025-03-04,14:40:00
Sell,7735.0,7737.0,-2.0,False,True,Afternoon,2025-03-04,14:45:00
Sell,7765.0,7767.0,-2.0,False,True,Afternoon,2025-03-04,14:50:00
Buy,7754.0,7778.0,24.0,True,False,Afternoon,2025-03-04,14:55:00
Sell,7791.0,7767.0,24.0,True,False,Afternoon,2025-03-04,15:00:00
Buy,7773.0,7771.0,-2.0,False,True,Afternoon,2025-03-04,15:05:00
Buy,7769.0,7767.0,-2.0,False,True,Afternoon,2025-03-04,15:10:00
Buy,7766.0,7764.0,-2.0,False,True,Afternoon,2025-03-04,15:15:00
Sell,7776.0,7778.0,-2.0,False,True,Afternoon,2025-03-04,15:20:00
Sell,7869.0,7845.0,24.0,True,False,Morning,2025-03-05,09:05:00
Sell,7877.0,7879.0,-2.0,False,True,Morning,2025-03-05,09:10:00
Sell,7889.0,7865.0,24.0,True,False,Morning,2025-03-05,09:15:00
Buy,7856.0,7854.0,-2.0,False,True,Morning,2025-03-05,09:20:00
Buy,7805.0,7829.0,24.0,True,False,Morning,2025-03-05,09:25:00
Sell,7834.0,7810.0,24.0,True,False,Morning,2025-03-05,09:30:00
Buy,7785.0,7809.0,24.0,True,False,Morning,2025-03-05,09:35:00
Sell,7805.0,7781.0,24.0,True,False,Morning,2025-03-05,09:40:00
Buy,7782.0,7806.0,24.0,True,False,Morning,2025-03-05,09:45:00
Sell,7815.0,7817.0,-2.0,False,True,Morning,2025-03-05,09:50:00
Sell,7838.0,7814.0,24.0,True,False,Morning,2025-03-05,09:55:00
Buy,7836.0,7834.0,-2.0,False,True,Morning,2025-03-05,10:00:00
Buy,7818.0,7816.0,-2.0,False,True,Morning,2025-03-05,10:05:00
Sell,7824.0,7800.0,24.0,True,False,Morning,2025-03-05,10:10:00
Buy,7792.0,7816.0,24.0,True,False,Morning,2025-03-05,10:15:00
Sell,7819.0,7821.0,-2.0,False,True,Morning,2025-03-05,10:20:00
Sell,7844.0,7846.0,-2.0,False,True,Morning,2025-03-05,10:25:00
Sell,7864.0,7840.0,24.0,True,False,Morning,2025-03-05,10:30:00
Sell,7864.0,7866.0,-2.0,False,True,Morning,2025-03-05,10:35:00
Sell,7866.0,7868.0,-2.0,False,True,Morning,2025-03-05,10:40:00
Sell,7888.0,7890.0,-2.0,False,True,Morning,2025-03-05,10:45:00
Sell,7909.0,7911.0,-2.0,False,True,Morning,2025-03-05,10:50:00
Sell,7933.0,7935.0,-2.0,False,True,Morning,2025-03-05,10:55:00
Buy,7929.0,7953.0,24.0,True,False,Morning,2025-03-05,11:00:00
Buy,7923.0,7931.0,8.0,False,False,Morning,2025-03-05,11:05:00
Sell,7933.0,7909.0,24.0,True,False,Morning,2025-03-05,11:10:00
Buy,7917.0,7915.0,-2.0,False,True,Morning,2025-03-05,11:15:00
Buy,7916.0,7914.0,-2.0,False,True,Morning,2025-03-05,11:20:00
Sell,7924.0,7926.0,-2.0,False,True,Morning,2025-03-05,11:25:00
Buy,7910.0,7908.0,-2.0,False,True,Morning,2025-03-05,11:30:00
Sell,7927.0,7903.0,24.0,True,False,Afternoon,2025-03-05,12:30:00
Buy,7858.0,7856.0,-2.0,False,True,Afternoon,2025-03-05,12:35:00
Buy,7833.0,7831.0,-2.0,False,True,Afternoon,2025-03-05,12:40:00
Buy,7816.0,7840.0,24.0,True,False,Afternoon,2025-03-05,12:45:00
Sell,7828.0,7830.0,-2.0,False,True,Afternoon,2025-03-05,12:50:00
Buy,7824.0,7848.0,24.0,True,False,Afternoon,2025-03-05,12:55:00
Sell,7838.0,7814.0,24.0,True,False,Afternoon,2025-03-05,13:00:00
Sell,7842.0,7844.0,-2.0,False,True,Afternoon,2025-03-05,13:05:00
Sell,7873.0,7875.0,-2.0,False,True,Afternoon,2025-03-05,13:10:00
Buy,7871.0,7869.0,-2.0,False,True,Afternoon,2025-03-05,13:15:00
Buy,7840.0,7864.0,24.0,True,False,Afternoon,2025-03-05,13:20:00
Buy,7838.0,7836.0,-2.0,False,True,Afternoon,2025-03-05,13:25:00
Sell,7842.0,7844.0,-2.0,False,True,Afternoon,2025-03-05,13:30:00
Buy,7834.0,7832.0,-2.0,False,True,Afternoon,2025-03-05,13:35:00
Buy,7815.0,7813.0,-2.0,False,True,Afternoon,2025-03-05,13:40:00
Buy,7781.0,7779.0,-2.0,False,True,Afternoon,2025-03-05,13:45:00
Buy,7769.0,7793.0,24.0,True,False,Afternoon,2025-03-05,13:50:00
Sell,7796.0,7798.0,-2.0,False,True,Afternoon,2025-03-05,13:55:00
Buy,7793.0,7791.0,-2.0,False,True,Afternoon,2025-03-05,14:00:00
Buy,7775.0,7773.0,-2.0,False,True,Afternoon,2025-03-05,14:05:00
Sell,7793.0,7795.0,-2.0,False,True,Afternoon,2025-03-05,14:10:00
Buy,7786.0,7784.0,-2.0,False,True,Afternoon,2025-03-05,14:15:00
Buy,7757.0,7755.0,-2.0,False,True,Afternoon,2025-03-05,14:20:00
Sell,7764.0,7766.0,-2.0,False,True,Afternoon,2025-03-05,14:25:00
Buy,7748.0,7761.0,13.0,False,False,Afternoon,2025-03-05,14:30:00
Sell,7763.0,7765.0,-2.0,False,True,Afternoon,2025-03-05,14:35:00
Sell,7767.0,7769.0,-2.0,False,True,Afternoon,2025-03-05,14:40:00
Sell,7781.0,7783.0,-2.0,False,True,Afternoon,2025-03-05,14:45:00
Sell,7803.0,7805.0,-2.0,False,True,Afternoon,2025-03-05,14:50:00
Buy,7796.0,7794.0,-2.0,False,True,Afternoon,2025-03-05,14:55:00
Sell,7798.0,7800.0,-2.0,False,True,Afternoon,2025-03-05,15:00:00
Buy,7787.0,7785.0,-2.0,False,True,Afternoon,2025-03-05,15:05:00
Sell,7796.0,7798.0,-2.0,False,True,Afternoon,2025-03-05,15:10:00
Sell,7816.0,7792.0,24.0,True,False,Afternoon,2025-03-05,15:15:00
Buy,7794.0,7792.0,-2.0,False,True,Afternoon,2025-03-05,15:20:00
Buy,7892.0,7916.0,24.0,True,False,Morning,2025-03-06,09:05:00
Buy,7885.0,7883.0,-2.0,False,True,Morning,2025-03-06,09:10:00
Buy,7850.0,7874.0,24.0,True,False,Morning,2025-03-06,09:15:00
Sell,7869.0,7845.0,24.0,True,False,Morning,2025-03-06,09:20:00
Buy,7859.0,7857.0,-2.0,False,True,Morning,2025-03-06,09:25:00
Buy,7845.0,7843.0,-2.0,False,True,Morning,2025-03-06,09:30:00
Buy,7825.0,7823.0,-2.0,False,True,Morning,2025-03-06,09:35:00
Sell,7830.0,7832.0,-2.0,False,True,Morning,2025-03-06,09:40:00
Sell,7869.0,7845.0,24.0,True,False,Morning,2025-03-06,09:45:00
Buy,7816.0,7814.0,-2.0,False,True,Morning,2025-03-06,09:50:00
Buy,7751.0,7749.0,-2.0,False,True,Morning,2025-03-06,09:55:00
Buy,7646.0,7670.0,24.0,True,False,Morning,2025-03-06,10:00:00
Sell,7662.0,7664.0,-2.0,False,True,Morning,2025-03-06,10:05:00
Sell,7683.0,7685.0,-2.0,False,True,Morning,2025-03-06,10:10:00
Sell,7730.0,7706.0,24.0,True,False,Morning,2025-03-06,10:15:00
,7727.0,,0.0,False,False,Morning,2025-03-06,10:20:00
Sell,7746.0,7748.0,-2.0,False,True,Morning,2025-03-06,10:25:00
Buy,7737.0,7735.0,-2.0,False,True,Morning,2025-03-06,10:30:00
Buy,7719.0,7717.0,-2.0,False,True,Morning,2025-03-06,10:35:00
Buy,7691.0,7689.0,-2.0,False,True,Morning,2025-03-06,10:40:00
Sell,7693.0,7695.0,-2.0,False,True,Morning,2025-03-06,10:45:00
Sell,7718.0,7720.0,-2.0,False,True,Morning,2025-03-06,10:50:00
Sell,7733.0,7735.0,-2.0,False,True,Morning,2025-03-06,10:55:00
Buy,7725.0,7723.0,-2.0,False,True,Morning,2025-03-06,11:00:00
,7726.0,,0.0,False,False,Morning,2025-03-06,11:05:00
Sell,7729.0,7731.0,-2.0,False,True,Morning,2025-03-06,11:10:00
Buy,7713.0,7711.0,-2.0,False,True,Morning,2025-03-06,11:15:00
Buy,7699.0,7697.0,-2.0,False,True,Morning,2025-03-06,11:20:00
Buy,7680.0,7678.0,-2.0,False,True,Morning,2025-03-06,11:25:00
Buy,7661.0,7660.0,-1.0,False,False,Morning,2025-03-06,11:30:00
Buy,7650.0,7674.0,24.0,True,False,Afternoon,2025-03-06,12:30:00
Sell,7656.0,7658.0,-2.0,False,True,Afternoon,2025-03-06,12:35:00
,7658.0,,0.0,False,False,Afternoon,2025-03-06,12:40:00
Sell,7681.0,7683.0,-2.0,False,True,Afternoon,2025-03-06,12:45:00
Sell,7692.0,7694.0,-2.0,False,True,Afternoon,2025-03-06,12:50:00
Sell,7703.0,7705.0,-2.0,False,True,Afternoon,2025-03-06,12:55:00
Buy,7702.0,7714.0,12.0,False,False,Afternoon,2025-03-06,13:00:00
Sell,7713.0,7715.0,-2.0,False,True,Afternoon,2025-03-06,13:05:00
Buy,7712.0,7710.0,-2.0,False,True,Afternoon,2025-03-06,13:10:00
Buy,7702.0,7700.0,-2.0,False,True,Afternoon,2025-03-06,13:15:00
Buy,7701.0,7699.0,-2.0,False,True,Afternoon,2025-03-06,13:20:00
Buy,7697.0,7695.0,-2.0,False,True,Afternoon,2025-03-06,13:25:00
Sell,7710.0,7712.0,-2.0,False,True,Afternoon,2025-03-06,13:30:00
Sell,7733.0,7720.0,13.0,False,False,Afternoon,2025-03-06,13:35:00
Buy,7720.0,7718.0,-2.0,False,True,Afternoon,2025-03-06,13:40:00
Sell,7731.0,7733.0,-2.0,False,True,Afternoon,2025-03-06,13:45:00
Buy,7729.0,7727.0,-2.0,False,True,Afternoon,2025-03-06,13:50:00
Buy,7722.0,7720.0,-2.0,False,True,Afternoon,2025-03-06,13:55:00
Sell,7724.0,7726.0,-2.0,False,True,Afternoon,2025-03-06,14:00:00
Sell,7734.0,7736.0,-2.0,False,True,Afternoon,2025-03-06,14:05:00
Sell,7744.0,7746.0,-2.0,False,True,Afternoon,2025-03-06,14:10:00
Sell,7756.0,7758.0,-2.0,False,True,Afternoon,2025-03-06,14:15:00
Buy,7744.0,7742.0,-2.0,False,True,Afternoon,2025-03-06,14:20:00
Buy,7740.0,7738.0,-2.0,False,True,Afternoon,2025-03-06,14:25:00
Sell,7749.0,7751.0,-2.0,False,True,Afternoon,2025-03-06,14:30:00
Buy,7744.0,7759.0,15.0,False,False,Afternoon,2025-03-06,14:35:00
Sell,7759.0,7749.0,10.0,False,False,Afternoon,2025-03-06,14:40:00
Buy,7749.0,7747.0,-2.0,False,True,Afternoon,2025-03-06,14:45:00
Buy,7742.0,7740.0,-2.0,False,True,Afternoon,2025-03-06,14:50:00
Buy,7735.0,7733.0,-2.0,False,True,Afternoon,2025-03-06,14:55:00
Buy,7725.0,7723.0,-2.0,False,True,Afternoon,2025-03-06,15:00:00
Buy,7710.0,7708.0,-2.0,False,True,Afternoon,2025-03-06,15:05:00
Buy,7706.0,7704.0,-2.0,False,True,Afternoon,2025-03-06,15:10:00
Buy,7706.0,7704.0,-2.0,False,True,Afternoon,2025-03-06,15:15:00
Sell,7711.0,7687.0,24.0,True,False,Afternoon,2025-03-06,15:20:00
Sell,7544.0,7541.0,3.0,False,False,Morning,2025-03-07,09:00:00
Buy,7543.0,7567.0,24.0,True,False,Morning,2025-03-07,09:05:00
Buy,7534.0,7558.0,24.0,True,False,Morning,2025-03-07,09:10:00
Sell,7617.0,7593.0,24.0,True,False,Morning,2025-03-07,09:15:00
Buy,7570.0,7568.0,-2.0,False,True,Morning,2025-03-07,09:20:00
Sell,7577.0,7553.0,24.0,True,False,Morning,2025-03-07,09:25:00
Sell,7584.0,7586.0,-2.0,False,True,Morning,2025-03-07,09:30:00
Sell,7589.0,7565.0,24.0,True,False,Morning,2025-03-07,09:35:00
Buy,7530.0,7528.0,-2.0,False,True,Morning,2025-03-07,09:40:00
Buy,7501.0,7499.0,-2.0,False,True,Morning,2025-03-07,09:45:00
Sell,7505.0,7507.0,-2.0,False,True,Morning,2025-03-07,09:50:00
Buy,7487.0,7485.0,-2.0,False,True,Morning,2025-03-07,09:55:00
Buy,7445.0,7469.0,24.0,True,False,Morning,2025-03-07,10:00:00
Sell,7463.0,7465.0,-2.0,False,True,Morning,2025-03-07,10:05:00
Sell,7508.0,7510.0,-2.0,False,True,Morning,2025-03-07,10:10:00
Sell,7534.0,7536.0,-2.0,False,True,Morning,2025-03-07,10:15:00
Sell,7553.0,7555.0,-2.0,False,True,Morning,2025-03-07,10:20:00
Sell,7590.0,7566.0,24.0,True,False,Morning,2025-03-07,10:25:00
Buy,7579.0,7577.0,-2.0,False,True,Morning,2025-03-07,10:30:00
Buy,7562.0,7560.0,-2.0,False,True,Morning,2025-03-07,10:35:00
Buy,7553.0,7577.0,24.0,True,False,Morning,2025-03-07,10:40:00
Sell,7576.0,7578.0,-2.0,False,True,Morning,2025-03-07,10:45:00
Sell,7587.0,7589.0,-2.0,False,True,Morning,2025-03-07,10:50:00
Sell,7595.0,7597.0,-2.0,False,True,Morning,2025-03-07,10:55:00
Buy,7586.0,7584.0,-2.0,False,True,Morning,2025-03-07,11:00:00
Buy,7581.0,7579.0,-2.0,False,True,Morning,2025-03-07,11:05:00
,7582.0,,0.0,False,False,Morning,2025-03-07,11:10:00
Buy,7566.0,7564.0,-2.0,False,True,Morning,2025-03-07,11:15:00
Buy,7560.0,7558.0,-2.0,False,True,Morning,2025-03-07,11:20:00
Buy,7546.0,7544.0,-2.0,False,True,Morning,2025-03-07,11:25:00
Buy,7536.0,7536.0,0.0,False,False,Morning,2025-03-07,11:30:00
,7506.0,,0.0,False,False,Afternoon,2025-03-07,12:30:00
Sell,7553.0,7529.0,24.0,True,False,Afternoon,2025-03-07,12:35:00
Buy,7514.0,7512.0,-2.0,False,True,Afternoon,2025-03-07,12:40:00
Buy,7511.0,7509.0,-2.0,False,True,Afternoon,2025-03-07,12:45:00
Buy,7497.0,7495.0,-2.0,False,True,Afternoon,2025-03-07,12:50:00
Sell,7505.0,7481.0,24.0,True,False,Afternoon,2025-03-07,12:55:00
Buy,7496.0,7520.0,24.0,True,False,Afternoon,2025-03-07,13:00:00
Sell,7510.0,7512.0,-2.0,False,True,Afternoon,2025-03-07,13:05:00
Buy,7496.0,7494.0,-2.0,False,True,Afternoon,2025-03-07,13:10:00
Sell,7503.0,7494.0,9.0,False,False,Afternoon,2025-03-07,13:15:00
Buy,7495.0,7519.0,24.0,True,False,Afternoon,2025-03-07,13:20:00
Sell,7514.0,7516.0,-2.0,False,True,Afternoon,2025-03-07,13:25:00
Buy,7509.0,7507.0,-2.0,False,True,Afternoon,2025-03-07,13:30:00
Sell,7512.0,7514.0,-2.0,False,True,Afternoon,2025-03-07,13:35:00
Sell,7523.0,7525.0,-2.0,False,True,Afternoon,2025-03-07,13:40:00
Sell,7529.0,7531.0,-2.0,False,True,Afternoon,2025-03-07,13:45:00
Sell,7544.0,7529.0,15.0,False,False,Afternoon,2025-03-07,13:50:00
Buy,7529.0,7527.0,-2.0,False,True,Afternoon,2025-03-07,13:55:00
Sell,7530.0,7532.0,-2.0,False,True,Afternoon,2025-03-07,14:00:00
Buy,7521.0,7519.0,-2.0,False,True,Afternoon,2025-03-07,14:05:00
Buy,7518.0,7516.0,-2.0,False,True,Afternoon,2025-03-07,14:10:00
Sell,7522.0,7524.0,-2.0,False,True,Afternoon,2025-03-07,14:15:00
Sell,7541.0,7543.0,-2.0,False,True,Afternoon,2025-03-07,14:20:00
Buy,7539.0,7539.0,0.0,False,False,Afternoon,2025-03-07,14:25:00
,7540.0,,0.0,False,False,Afternoon,2025-03-07,14:30:00
Buy,7528.0,7526.0,-2.0,False,True,Afternoon,2025-03-07,14:35:00
Buy,7513.0,7511.0,-2.0,False,True,Afternoon,2025-03-07,14:40:00
Buy,7503.0,7501.0,-2.0,False,True,Afternoon,2025-03-07,14:45:00
Sell,7506.0,7508.0,-2.0,False,True,Afternoon,2025-03-07,14:50:00
Sell,7510.0,7512.0,-2.0,False,True,Afternoon,2025-03-07,14:55:00
Buy,7504.0,7502.0,-2.0,False,True,Afternoon,2025-03-07,15:00:00
Buy,7488.0,7486.0,-2.0,False,True,Afternoon,2025-03-07,15:05:00
Sell,7506.0,7508.0,-2.0,False,True,Afternoon,2025-03-07,15:10:00
Sell,7517.0,7519.0,-2.0,False,True,Afternoon,2025-03-07,15:15:00
Buy,7513.0,7511.0,-2.0,False,True,Afternoon,2025-03-07,15:20:00
Buy,7494.0,7494.0,0.0,False,False,Afternoon,2025-03-07,15:25:00
,7550.0,,0.0,False,False,Morning,2025-03-10,09:00:00
Buy,7535.0,7533.0,-2.0,False,True,Morning,2025-03-10,09:05:00
Buy,7509.0,7507.0,-2.0,False,True,Morning,2025-03-10,09:10:00
Buy,7493.0,7491.0,-2.0,False,True,Morning,2025-03-10,09:15:00
Buy,7488.0,7486.0,-2.0,False,True,Morning,2025-03-10,09:20:00
Sell,7498.0,7500.0,-2.0,False,True,Morning,2025-03-10,09:25:00
Sell,7518.0,7520.0,-2.0,False,True,Morning,2025-03-10,09:30:00
Sell,7541.0,7517.0,24.0,True,False,Morning,2025-03-10,09:35:00
Sell,7554.0,7556.0,-2.0,False,True,Morning,2025-03-10,09:40:00
Sell,7584.0,7586.0,-2.0,False,True,Morning,2025-03-10,09:45:00
Sell,7601.0,7577.0,24.0,True,False,Morning,2025-03-10,09:50:00
Buy,7577.0,7601.0,24.0,True,False,Morning,2025-03-10,09:55:00
Sell,7608.0,7610.0,-2.0,False,True,Morning,2025-03-10,10:00:00
Sell,7627.0,7629.0,-2.0,False,True,Morning,2025-03-10,10:05:00
Buy,7620.0,7618.0,-2.0,False,True,Morning,2025-03-10,10:10:00
Buy,7601.0,7599.0,-2.0,False,True,Morning,2025-03-10,10:15:00
Buy,7573.0,7571.0,-2.0,False,True,Morning,2025-03-10,10:20:00
Buy,7567.0,7565.0,-2.0,False,True,Morning,2025-03-10,10:25:00
Buy,7562.0,7586.0,24.0,True,False,Morning,2025-03-10,10:30:00
Sell,7591.0,7593.0,-2.0,False,True,Morning,2025-03-10,10:35:00
Sell,7599.0,7601.0,-2.0,False,True,Morning,2025-03-10,10:40:00
,7598.0,,0.0,False,False,Morning,2025-03-10,10:45:00
Sell,7623.0,7625.0,-2.0,False,True,Morning,2025-03-10,10:50:00
Sell,7643.0,7645.0,-2.0,False,True,Morning,2025-03-10,10:55:00
Sell,7671.0,7673.0,-2.0,False,True,Morning,2025-03-10,11:00:00
Sell,7694.0,7696.0,-2.0,False,True,Morning,2025-03-10,11:05:00
Sell,7700.0,7702.0,-2.0,False,True,Morning,2025-03-10,11:10:00
Sell,7708.0,7710.0,-2.0,False,True,Morning,2025-03-10,11:15:00
Buy,7704.0,7702.0,-2.0,False,True,Morning,2025-03-10,11:20:00
Sell,7713.0,7715.0,-2.0,False,True,Morning,2025-03-10,11:25:00
Buy,7710.0,7710.0,0.0,False,False,Morning,2025-03-10,11:30:00
,7717.0,,0.0,False,False,Afternoon,2025-03-10,12:30:00
Buy,7688.0,7712.0,24.0,True,False,Afternoon,2025-03-10,12:35:00
Sell,7717.0,7719.0,-2.0,False,True,Afternoon,2025-03-10,12:40:00
Sell,7723.0,7725.0,-2.0,False,True,Afternoon,2025-03-10,12:45:00
Sell,7723.0,7725.0,-2.0,False,True,Afternoon,2025-03-10,12:50:00
Sell,7723.0,7699.0,24.0,True,False,Afternoon,2025-03-10,12:55:00
Buy,7693.0,7717.0,24.0,True,False,Afternoon,2025-03-10,13:00:00
Sell,7725.0,7727.0,-2.0,False,True,Afternoon,2025-03-10,13:05:00
Sell,7742.0,7727.0,15.0,False,False,Afternoon,2025-03-10,13:10:00
Buy,7728.0,7726.0,-2.0,False,True,Afternoon,2025-03-10,13:15:00
Sell,7731.0,7733.0,-2.0,False,True,Afternoon,2025-03-10,13:20:00
Buy,7722.0,7720.0,-2.0,False,True,Afternoon,2025-03-10,13:25:00
Buy,7715.0,7713.0,-2.0,False,True,Afternoon,2025-03-10,13:30:00
Sell,7734.0,7736.0,-2.0,False,True,Afternoon,2025-03-10,13:35:00
Buy,7721.0,7719.0,-2.0,False,True,Afternoon,2025-03-10,13:40:00
Buy,7711.0,7709.0,-2.0,False,True,Afternoon,2025-03-10,13:45:00
Sell,7712.0,7714.0,-2.0,False,True,Afternoon,2025-03-10,13:50:00
Sell,7720.0,7722.0,-2.0,False,True,Afternoon,2025-03-10,13:55:00
Buy,7716.0,7714.0,-2.0,False,True,Afternoon,2025-03-10,14:00:00
Buy,7708.0,7706.0,-2.0,False,True,Afternoon,2025-03-10,14:05:00
Sell,7718.0,7720.0,-2.0,False,True,Afternoon,2025-03-10,14:10:00
Sell,7736.0,7738.0,-2.0,False,True,Afternoon,2025-03-10,14:15:00
Sell,7743.0,7745.0,-2.0,False,True,Afternoon,2025-03-10,14:20:00
Sell,7749.0,7751.0,-2.0,False,True,Afternoon,2025-03-10,14:25:00
Sell,7762.0,7738.0,24.0,True,False,Afternoon,2025-03-10,14:30:00
Buy,7748.0,7746.0,-2.0,False,True,Afternoon,2025-03-10,14:35:00
Buy,7739.0,7737.0,-2.0,False,True,Afternoon,2025-03-10,14:40:00
Sell,7748.0,7750.0,-2.0,False,True,Afternoon,2025-03-10,14:45:00
Buy,7743.0,7741.0,-2.0,False,True,Afternoon,2025-03-10,14:50:00
Buy,7739.0,7737.0,-2.0,False,True,Afternoon,2025-03-10,14:55:00
Sell,7744.0,7746.0,-2.0,False,True,Afternoon,2025-03-10,15:00:00
Sell,7753.0,7755.0,-2.0,False,True,Afternoon,2025-03-10,15:05:00
Buy,7735.0,7757.0,22.0,False,False,Afternoon,2025-03-10,15:10:00
Sell,7758.0,7760.0,-2.0,False,True,Afternoon,2025-03-10,15:15:00
Sell,7778.0,7780.0,-2.0,False,True,Afternoon,2025-03-10,15:20:00
Sell,7489.0,7465.0,24.0,True,False,Morning,2025-03-11,09:05:00
Sell,7516.0,7492.0,24.0,True,False,Morning,2025-03-11,09:10:00
Sell,7569.0,7545.0,24.0,True,False,Morning,2025-03-11,09:15:00
Buy,7545.0,7543.0,-2.0,False,True,Morning,2025-03-11,09:20:00
Sell,7553.0,7555.0,-2.0,False,True,Morning,2025-03-11,09:25:00
Sell,7634.0,7636.0,-2.0,False,True,Morning,2025-03-11,09:30:00
Sell,7676.0,7652.0,24.0,True,False,Morning,2025-03-11,09:35:00
Buy,7663.0,7687.0,24.0,True,False,Morning,2025-03-11,09:40:00
Buy,7644.0,7642.0,-2.0,False,True,Morning,2025-03-11,09:45:00
Buy,7617.0,7615.0,-2.0,False,True,Morning,2025-03-11,09:50:00
Buy,7545.0,7569.0,24.0,True,False,Morning,2025-03-11,09:55:00
Sell,7579.0,7555.0,24.0,True,False,Morning,2025-03-11,10:00:00
Buy,7532.0,7530.0,-2.0,False,True,Morning,2025-03-11,10:05:00
Buy,7506.0,7504.0,-2.0,False,True,Morning,2025-03-11,10:10:00
Buy,7486.0,7510.0,24.0,True,False,Morning,2025-03-11,10:15:00
Buy,7474.0,7498.0,24.0,True,False,Morning,2025-03-11,10:20:00
Sell,7495.0,7471.0,24.0,True,False,Morning,2025-03-11,10:25:00
Buy,7473.0,7497.0,24.0,True,False,Morning,2025-03-11,10:30:00
Sell,7480.0,7482.0,-2.0,False,True,Morning,2025-03-11,10:35:00
Sell,7501.0,7477.0,24.0,True,False,Morning,2025-03-11,10:40:00
Sell,7514.0,7509.0,5.0,False,False,Morning,2025-03-11,10:45:00
Buy,7509.0,7507.0,-2.0,False,True,Morning,2025-03-11,10:50:00
Sell,7514.0,7490.0,24.0,True,False,Morning,2025-03-11,10:55:00
Buy,7487.0,7485.0,-2.0,False,True,Morning,2025-03-11,11:00:00
Sell,7490.0,7492.0,-2.0,False,True,Morning,2025-03-11,11:05:00
Sell,7539.0,7541.0,-2.0,False,True,Morning,2025-03-11,11:10:00
Sell,7564.0,7566.0,-2.0,False,True,Morning,2025-03-11,11:15:00
Sell,7588.0,7590.0,-2.0,False,True,Morning,2025-03-11,11:20:00
Sell,7622.0,7624.0,-2.0,False,True,Morning,2025-03-11,11:25:00
Buy,7609.0,7609.0,0.0,False,False,Morning,2025-03-11,11:30:00
,7614.0,,0.0,False,False,Afternoon,2025-03-11,12:30:00
Sell,7683.0,7685.0,-2.0,False,True,Afternoon,2025-03-11,12:35:00
Sell,7712.0,7714.0,-2.0,False,True,Afternoon,2025-03-11,12:40:00
Buy,7707.0,7731.0,24.0,True,False,Afternoon,2025-03-11,12:45:00
Sell,7743.0,7719.0,24.0,True,False,Afternoon,2025-03-11,12:50:00
Buy,7696.0,7694.0,-2.0,False,True,Afternoon,2025-03-11,12:55:00
Sell,7695.0,7697.0,-2.0,False,True,Afternoon,2025-03-11,13:00:00
Buy,7686.0,7710.0,24.0,True,False,Afternoon,2025-03-11,13:05:00
Sell,7715.0,7717.0,-2.0,False,True,Afternoon,2025-03-11,13:10:00
Sell,7726.0,7728.0,-2.0,False,True,Afternoon,2025-03-11,13:15:00
Sell,7755.0,7757.0,-2.0,False,True,Afternoon,2025-03-11,13:20:00
Sell,7761.0,7763.0,-2.0,False,True,Afternoon,2025-03-11,13:25:00
Sell,7783.0,7785.0,-2.0,False,True,Afternoon,2025-03-11,13:30:00
Sell,7807.0,7809.0,-2.0,False,True,Afternoon,2025-03-11,13:35:00
Buy,7793.0,7791.0,-2.0,False,True,Afternoon,2025-03-11,13:40:00
Buy,7783.0,7807.0,24.0,True,False,Afternoon,2025-03-11,13:45:00
Sell,7808.0,7784.0,24.0,True,False,Afternoon,2025-03-11,13:50:00
Buy,7800.0,7798.0,-2.0,False,True,Afternoon,2025-03-11,13:55:00
Sell,7812.0,7814.0,-2.0,False,True,Afternoon,2025-03-11,14:00:00
Buy,7800.0,7824.0,24.0,True,False,Afternoon,2025-03-11,14:05:00
Sell,7822.0,7824.0,-2.0,False,True,Afternoon,2025-03-11,14:10:00
Buy,7821.0,7819.0,-2.0,False,True,Afternoon,2025-03-11,14:15:00
Sell,7839.0,7841.0,-2.0,False,True,Afternoon,2025-03-11,14:20:00
Buy,7834.0,7832.0,-2.0,False,True,Afternoon,2025-03-11,14:25:00
Sell,7849.0,7851.0,-2.0,False,True,Afternoon,2025-03-11,14:30:00
Sell,7860.0,7862.0,-2.0,False,True,Afternoon,2025-03-11,14:35:00
Sell,7868.0,7870.0,-2.0,False,True,Afternoon,2025-03-11,14:40:00
Buy,7867.0,7865.0,-2.0,False,True,Afternoon,2025-03-11,14:45:00
Buy,7864.0,7862.0,-2.0,False,True,Afternoon,2025-03-11,14:50:00
Buy,7860.0,7858.0,-2.0,False,True,Afternoon,2025-03-11,14:55:00
Buy,7855.0,7879.0,24.0,True,False,Afternoon,2025-03-11,15:00:00
Sell,7871.0,7873.0,-2.0,False,True,Afternoon,2025-03-11,15:05:00
Sell,7895.0,7884.0,11.0,False,False,Afternoon,2025-03-11,15:10:00
Buy,7884.0,7882.0,-2.0,False,True,Afternoon,2025-03-11,15:15:00
Sell,7889.0,7891.0,-2.0,False,True,Afternoon,2025-03-11,15:20:00
Sell,7646.0,7648.0,-2.0,False,True,Morning,2025-03-12,09:00:00
Buy,7648.0,7646.0,-2.0,False,True,Morning,2025-03-12,09:05:00
Sell,7659.0,7661.0,-2.0,False,True,Morning,2025-03-12,09:10:00
Sell,7712.0,7714.0,-2.0,False,True,Morning,2025-03-12,09:15:00
Sell,7772.0,7774.0,-2.0,False,True,Morning,2025-03-12,09:20:00
Sell,7812.0,7788.0,24.0,True,False,Morning,2025-03-12,09:25:00
Buy,7781.0,7779.0,-2.0,False,True,Morning,2025-03-12,09:30:00
Buy,7736.0,7734.0,-2.0,False,True,Morning,2025-03-12,09:35:00
Buy,7709.0,7733.0,24.0,True,False,Morning,2025-03-12,09:40:00
Sell,7748.0,7750.0,-2.0,False,True,Morning,2025-03-12,09:45:00
Sell,7796.0,7772.0,24.0,True,False,Morning,2025-03-12,09:50:00
Buy,7782.0,7806.0,24.0,True,False,Morning,2025-03-12,09:55:00
Sell,7801.0,7777.0,24.0,True,False,Morning,2025-03-12,10:00:00
Buy,7765.0,7789.0,24.0,True,False,Morning,2025-03-12,10:05:00
Buy,7752.0,7776.0,24.0,True,False,Morning,2025-03-12,10:10:00
Sell,7779.0,7755.0,24.0,True,False,Morning,2025-03-12,10:15:00
Buy,7762.0,7760.0,-2.0,False,True,Morning,2025-03-12,10:20:00
Buy,7758.0,7756.0,-2.0,False,True,Morning,2025-03-12,10:25:00
Sell,7759.0,7735.0,24.0,True,False,Morning,2025-03-12,10:30:00
Buy,7742.0,7766.0,24.0,True,False,Morning,2025-03-12,10:35:00
Sell,7775.0,7751.0,24.0,True,False,Morning,2025-03-12,10:40:00
Buy,7749.0,7747.0,-2.0,False,True,Morning,2025-03-12,10:45:00
Sell,7753.0,7755.0,-2.0,False,True,Morning,2025-03-12,10:50:00
Buy,7742.0,7740.0,-2.0,False,True,Morning,2025-03-12,10:55:00
,7740.0,,0.0,False,False,Morning,2025-03-12,11:00:00
Buy,7721.0,7719.0,-2.0,False,True,Morning,2025-03-12,11:05:00
Sell,7726.0,7728.0,-2.0,False,True,Morning,2025-03-12,11:10:00
,7725.0,,0.0,False,False,Morning,2025-03-12,11:15:00
Sell,7743.0,7745.0,-2.0,False,True,Morning,2025-03-12,11:20:00
,7744.0,,0.0,False,False,Morning,2025-03-12,11:25:00
Buy,7735.0,7740.0,5.0,False,False,Morning,2025-03-12,11:30:00
Sell,7703.0,7679.0,24.0,True,False,Afternoon,2025-03-12,12:30:00
Buy,7668.0,7666.0,-2.0,False,True,Afternoon,2025-03-12,12:35:00
Buy,7660.0,7658.0,-2.0,False,True,Afternoon,2025-03-12,12:40:00
Buy,7629.0,7627.0,-2.0,False,True,Afternoon,2025-03-12,12:45:00
Sell,7638.0,7614.0,24.0,True,False,Afternoon,2025-03-12,12:50:00
Buy,7614.0,7612.0,-2.0,False,True,Afternoon,2025-03-12,12:55:00
Buy,7596.0,7594.0,-2.0,False,True,Afternoon,2025-03-12,13:00:00
Buy,7566.0,7564.0,-2.0,False,True,Afternoon,2025-03-12,13:05:00
Sell,7577.0,7553.0,24.0,True,False,Afternoon,2025-03-12,13:10:00
Buy,7560.0,7584.0,24.0,True,False,Afternoon,2025-03-12,13:15:00
Sell,7596.0,7598.0,-2.0,False,True,Afternoon,2025-03-12,13:20:00
Sell,7608.0,7610.0,-2.0,False,True,Afternoon,2025-03-12,13:25:00
Buy,7594.0,7592.0,-2.0,False,True,Afternoon,2025-03-12,13:30:00
Sell,7598.0,7600.0,-2.0,False,True,Afternoon,2025-03-12,13:35:00
Sell,7601.0,7582.0,19.0,False,False,Afternoon,2025-03-12,13:40:00
Buy,7582.0,7606.0,24.0,True,False,Afternoon,2025-03-12,13:45:00
Sell,7617.0,7619.0,-2.0,False,True,Afternoon,2025-03-12,13:50:00
Buy,7612.0,7610.0,-2.0,False,True,Afternoon,2025-03-12,13:55:00
Buy,7603.0,7601.0,-2.0,False,True,Afternoon,2025-03-12,14:00:00
Buy,7597.0,7595.0,-2.0,False,True,Afternoon,2025-03-12,14:05:00
Buy,7583.0,7593.0,10.0,False,False,Afternoon,2025-03-12,14:10:00
Sell,7593.0,7595.0,-2.0,False,True,Afternoon,2025-03-12,14:15:00
Buy,7582.0,7580.0,-2.0,False,True,Afternoon,2025-03-12,14:20:00
Buy,7566.0,7564.0,-2.0,False,True,Afternoon,2025-03-12,14:25:00
Buy,7558.0,7572.0,14.0,False,False,Afternoon,2025-03-12,14:30:00
Sell,7574.0,7576.0,-2.0,False,True,Afternoon,2025-03-12,14:35:00
Buy,7562.0,7586.0,24.0,True,False,Afternoon,2025-03-12,14:40:00
Sell,7585.0,7587.0,-2.0,False,True,Afternoon,2025-03-12,14:45:00
Buy,7586.0,7584.0,-2.0,False,True,Afternoon,2025-03-12,14:50:00
,7586.0,,0.0,False,False,Afternoon,2025-03-12,14:55:00
Buy,7583.0,7581.0,-2.0,False,True,Afternoon,2025-03-12,15:00:00
Buy,7567.0,7565.0,-2.0,False,True,Afternoon,2025-03-12,15:05:00
Sell,7572.0,7548.0,24.0,True,False,Afternoon,2025-03-12,15:10:00
Buy,7551.0,7561.0,10.0,False,False,Afternoon,2025-03-12,15:15:00
Sell,7561.0,7563.0,-2.0,False,True,Afternoon,2025-03-12,15:20:00
Buy,7959.0,7983.0,24.0,True,False,Morning,2025-03-13,09:05:00
Sell,7961.0,7937.0,24.0,True,False,Morning,2025-03-13,09:10:00
Sell,7970.0,7972.0,-2.0,False,True,Morning,2025-03-13,09:15:00
Sell,7971.0,7973.0,-2.0,False,True,Morning,2025-03-13,09:20:00
Sell,7986.0,7988.0,-2.0,False,True,Morning,2025-03-13,09:25:00
Sell,7991.0,7993.0,-2.0,False,True,Morning,2025-03-13,09:30:00
Sell,7998.0,8000.0,-2.0,False,True,Morning,2025-03-13,09:35:00
Sell,8002.0,8004.0,-2.0,False,True,Morning,2025-03-13,09:40:00
Sell,8024.0,8000.0,24.0,True,False,Morning,2025-03-13,09:45:00
Buy,8011.0,8009.0,-2.0,False,True,Morning,2025-03-13,09:50:00
Sell,8025.0,8001.0,24.0,True,False,Morning,2025-03-13,09:55:00
Buy,7991.0,7989.0,-2.0,False,True,Morning,2025-03-13,10:00:00
Sell,8001.0,7995.0,6.0,False,False,Morning,2025-03-13,10:05:00
Buy,7995.0,7993.0,-2.0,False,True,Morning,2025-03-13,10:10:00
Buy,7991.0,7989.0,-2.0,False,True,Morning,2025-03-13,10:15:00
Buy,7987.0,7985.0,-2.0,False,True,Morning,2025-03-13,10:20:00
Buy,7981.0,7979.0,-2.0,False,True,Morning,2025-03-13,10:25:00
Buy,7980.0,7978.0,-2.0,False,True,Morning,2025-03-13,10:30:00
Buy,7963.0,7961.0,-2.0,False,True,Morning,2025-03-13,10:35:00
Buy,7927.0,7925.0,-2.0,False,True,Morning,2025-03-13,10:40:00
Buy,7926.0,7950.0,24.0,True,False,Morning,2025-03-13,10:45:00
Sell,7958.0,7960.0,-2.0,False,True,Morning,2025-03-13,10:50:00
Sell,7976.0,7978.0,-2.0,False,True,Morning,2025-03-13,10:55:00
Sell,7984.0,7986.0,-2.0,False,True,Morning,2025-03-13,11:00:00
Sell,8000.0,8002.0,-2.0,False,True,Morning,2025-03-13,11:05:00
Buy,7994.0,8003.0,9.0,False,False,Morning,2025-03-13,11:10:00
Sell,8003.0,8005.0,-2.0,False,True,Morning,2025-03-13,11:15:00
Buy,7983.0,7981.0,-2.0,False,True,Morning,2025-03-13,11:20:00
Buy,7979.0,7977.0,-2.0,False,True,Morning,2025-03-13,11:25:00
Buy,7977.0,7977.0,0.0,False,False,Morning,2025-03-13,11:30:00
,7951.0,,0.0,False,False,Afternoon,2025-03-13,12:30:00
Buy,7947.0,7945.0,-2.0,False,True,Afternoon,2025-03-13,12:35:00
Buy,7933.0,7957.0,24.0,True,False,Afternoon,2025-03-13,12:40:00
Sell,7940.0,7942.0,-2.0,False,True,Afternoon,2025-03-13,12:45:00
Sell,7949.0,7925.0,24.0,True,False,Afternoon,2025-03-13,12:50:00
Buy,7913.0,7911.0,-2.0,False,True,Afternoon,2025-03-13,12:55:00
Buy,7906.0,7904.0,-2.0,False,True,Afternoon,2025-03-13,13:00:00
Sell,7920.0,7922.0,-2.0,False,True,Afternoon,2025-03-13,13:05:00
Buy,7904.0,7902.0,-2.0,False,True,Afternoon,2025-03-13,13:10:00
Buy,7893.0,7891.0,-2.0,False,True,Afternoon,2025-03-13,13:15:00
Sell,7904.0,7906.0,-2.0,False,True,Afternoon,2025-03-13,13:20:00
Sell,7926.0,7928.0,-2.0,False,True,Afternoon,2025-03-13,13:25:00
Buy,7909.0,7907.0,-2.0,False,True,Afternoon,2025-03-13,13:30:00
Buy,7878.0,7876.0,-2.0,False,True,Afternoon,2025-03-13,13:35:00
Buy,7871.0,7869.0,-2.0,False,True,Afternoon,2025-03-13,13:40:00
Sell,7883.0,7885.0,-2.0,False,True,Afternoon,2025-03-13,13:45:00
Sell,7897.0,7899.0,-2.0,False,True,Afternoon,2025-03-13,13:50:00
Buy,7892.0,7890.0,-2.0,False,True,Afternoon,2025-03-13,13:55:00
Sell,7903.0,7905.0,-2.0,False,True,Afternoon,2025-03-13,14:00:00
Buy,7902.0,7900.0,-2.0,False,True,Afternoon,2025-03-13,14:05:00
Buy,7885.0,7883.0,-2.0,False,True,Afternoon,2025-03-13,14:10:00
Buy,7884.0,7882.0,-2.0,False,True,Afternoon,2025-03-13,14:15:00
Sell,7891.0,7893.0,-2.0,False,True,Afternoon,2025-03-13,14:20:00
Sell,7894.0,7896.0,-2.0,False,True,Afternoon,2025-03-13,14:25:00
Sell,7897.0,7873.0,24.0,True,False,Afternoon,2025-03-13,14:30:00
Buy,7875.0,7873.0,-2.0,False,True,Afternoon,2025-03-13,14:35:00
Buy,7873.0,7871.0,-2.0,False,True,Afternoon,2025-03-13,14:40:00
Buy,7863.0,7861.0,-2.0,False,True,Afternoon,2025-03-13,14:45:00
Buy,7861.0,7859.0,-2.0,False,True,Afternoon,2025-03-13,14:50:00
Sell,7862.0,7864.0,-2.0,False,True,Afternoon,2025-03-13,14:55:00
Buy,7859.0,7857.0,-2.0,False,True,Afternoon,2025-03-13,15:00:00
Buy,7844.0,7842.0,-2.0,False,True,Afternoon,2025-03-13,15:05:00
Buy,7827.0,7825.0,-2.0,False,True,Afternoon,2025-03-13,15:10:00
Sell,7836.0,7830.0,6.0,False,False,Afternoon,2025-03-13,15:15:00
Buy,7830.0,7828.0,-2.0,False,True,Afternoon,2025-03-13,15:20:00
Sell,7939.0,7939.0,0.0,False,False,Morning,2025-03-14,09:00:00
,7940.0,,0.0,False,False,Morning,2025-03-14,09:05:00
Sell,7998.0,8000.0,-2.0,False,True,Morning,2025-03-14,09:10:00
Sell,8077.0,8053.0,24.0,True,False,Morning,2025-03-14,09:15:00
Sell,8155.0,8131.0,24.0,True,False,Morning,2025-03-14,09:20:00
Sell,8163.0,8139.0,24.0,True,False,Morning,2025-03-14,09:25:00
Sell,8170.0,8146.0,24.0,True,False,Morning,2025-03-14,09:30:00
Buy,8133.0,8131.0,-2.0,False,True,Morning,2025-03-14,09:35:00
Sell,8144.0,8146.0,-2.0,False,True,Morning,2025-03-14,09:40:00
Sell,8158.0,8134.0,24.0,True,False,Morning,2025-03-14,09:45:00
Buy,8130.0,8128.0,-2.0,False,True,Morning,2025-03-14,09:50:00
Buy,8118.0,8142.0,24.0,True,False,Morning,2025-03-14,09:55:00
Sell,8148.0,8150.0,-2.0,False,True,Morning,2025-03-14,10:00:00
Sell,8162.0,8138.0,24.0,True,False,Morning,2025-03-14,10:05:00
Buy,8118.0,8116.0,-2.0,False,True,Morning,2025-03-14,10:10:00
Buy,8113.0,8111.0,-2.0,False,True,Morning,2025-03-14,10:15:00
Buy,8070.0,8094.0,24.0,True,False,Morning,2025-03-14,10:20:00
Sell,8104.0,8106.0,-2.0,False,True,Morning,2025-03-14,10:25:00
Buy,8093.0,8091.0,-2.0,False,True,Morning,2025-03-14,10:30:00
Buy,8080.0,8078.0,-2.0,False,True,Morning,2025-03-14,10:35:00
Sell,8091.0,8093.0,-2.0,False,True,Morning,2025-03-14,10:40:00
Sell,8123.0,8125.0,-2.0,False,True,Morning,2025-03-14,10:45:00
Buy,8104.0,8102.0,-2.0,False,True,Morning,2025-03-14,10:50:00
Sell,8109.0,8111.0,-2.0,False,True,Morning,2025-03-14,10:55:00
Buy,8103.0,8101.0,-2.0,False,True,Morning,2025-03-14,11:00:00
Buy,8103.0,8101.0,-2.0,False,True,Morning,2025-03-14,11:05:00
Sell,8106.0,8108.0,-2.0,False,True,Morning,2025-03-14,11:10:00
Sell,8137.0,8139.0,-2.0,False,True,Morning,2025-03-14,11:15:00
Buy,8128.0,8146.0,18.0,False,False,Morning,2025-03-14,11:20:00
Sell,8147.0,8143.0,4.0,False,False,Morning,2025-03-14,11:25:00
Buy,8144.0,8144.0,0.0,False,False,Morning,2025-03-14,11:30:00
,8170.0,,0.0,False,False,Afternoon,2025-03-14,12:30:00
Sell,8215.0,8217.0,-2.0,False,True,Afternoon,2025-03-14,12:35:00
Sell,8232.0,8234.0,-2.0,False,True,Afternoon,2025-03-14,12:40:00
Sell,8237.0,8239.0,-2.0,False,True,Afternoon,2025-03-14,12:45:00
Buy,8216.0,8214.0,-2.0,False,True,Afternoon,2025-03-14,12:50:00
Sell,8227.0,8203.0,24.0,True,False,Afternoon,2025-03-14,12:55:00
Buy,8191.0,8189.0,-2.0,False,True,Afternoon,2025-03-14,13:00:00
Buy,8185.0,8183.0,-2.0,False,True,Afternoon,2025-03-14,13:05:00
Buy,8180.0,8204.0,24.0,True,False,Afternoon,2025-03-14,13:10:00
Sell,8206.0,8208.0,-2.0,False,True,Afternoon,2025-03-14,13:15:00
Buy,8196.0,8194.0,-2.0,False,True,Afternoon,2025-03-14,13:20:00
,8196.0,,0.0,False,False,Afternoon,2025-03-14,13:25:00
,8197.0,,0.0,False,False,Afternoon,2025-03-14,13:30:00
Sell,8199.0,8201.0,-2.0,False,True,Afternoon,2025-03-14,13:35:00
Sell,8220.0,8222.0,-2.0,False,True,Afternoon,2025-03-14,13:40:00
Sell,8242.0,8244.0,-2.0,False,True,Afternoon,2025-03-14,13:45:00
Buy,8234.0,8240.0,6.0,False,False,Afternoon,2025-03-14,13:50:00
Sell,8240.0,8242.0,-2.0,False,True,Afternoon,2025-03-14,13:55:00
Buy,8236.0,8234.0,-2.0,False,True,Afternoon,2025-03-14,14:00:00
Buy,8235.0,8233.0,-2.0,False,True,Afternoon,2025-03-14,14:05:00
Sell,8236.0,8238.0,-2.0,False,True,Afternoon,2025-03-14,14:10:00
Sell,8248.0,8250.0,-2.0,False,True,Afternoon,2025-03-14,14:15:00
Sell,8261.0,8263.0,-2.0,False,True,Afternoon,2025-03-14,14:20:00
Buy,8259.0,8278.0,19.0,False,False,Afternoon,2025-03-14,14:25:00
Sell,8278.0,8280.0,-2.0,False,True,Afternoon,2025-03-14,14:30:00
Sell,8293.0,8295.0,-2.0,False,True,Afternoon,2025-03-14,14:35:00
Buy,8291.0,8289.0,-2.0,False,True,Afternoon,2025-03-14,14:40:00
Sell,8295.0,8271.0,24.0,True,False,Afternoon,2025-03-14,14:45:00
Buy,8272.0,8270.0,-2.0,False,True,Afternoon,2025-03-14,14:50:00
Buy,8270.0,8268.0,-2.0,False,True,Afternoon,2025-03-14,14:55:00
,8270.0,,0.0,False,False,Afternoon,2025-03-14,15:00:00
Buy,8253.0,8251.0,-2.0,False,True,Afternoon,2025-03-14,15:05:00
Sell,8256.0,8258.0,-2.0,False,True,Afternoon,2025-03-14,15:10:00
Sell,8269.0,8271.0,-2.0,False,True,Afternoon,2025-03-14,15:15:00
Sell,8274.0,8276.0,-2.0,False,True,Afternoon,2025-03-14,15:20:00
Sell,8395.0,8371.0,24.0,True,False,Morning,2025-03-17,09:00:00
Buy,8368.0,8392.0,24.0,True,False,Morning,2025-03-17,09:05:00
Sell,8366.0,8368.0,-2.0,False,True,Morning,2025-03-17,09:10:00
Buy,8363.0,8361.0,-2.0,False,True,Morning,2025-03-17,09:15:00
Buy,8300.0,8324.0,24.0,True,False,Morning,2025-03-17,09:20:00
Sell,8316.0,8318.0,-2.0,False,True,Morning,2025-03-17,09:25:00
Sell,8334.0,8336.0,-2.0,False,True,Morning,2025-03-17,09:30:00
Sell,8345.0,8347.0,-2.0,False,True,Morning,2025-03-17,09:35:00
Buy,8340.0,8338.0,-2.0,False,True,Morning,2025-03-17,09:40:00
Buy,8335.0,8359.0,24.0,True,False,Morning,2025-03-17,09:45:00
Sell,8349.0,8351.0,-2.0,False,True,Morning,2025-03-17,09:50:00
Sell,8357.0,8333.0,24.0,True,False,Morning,2025-03-17,09:55:00
Buy,8341.0,8339.0,-2.0,False,True,Morning,2025-03-17,10:00:00
Sell,8343.0,8345.0,-2.0,False,True,Morning,2025-03-17,10:05:00
Buy,8340.0,8338.0,-2.0,False,True,Morning,2025-03-17,10:10:00
Sell,8348.0,8350.0,-2.0,False,True,Morning,2025-03-17,10:15:00
Sell,8368.0,8370.0,-2.0,False,True,Morning,2025-03-17,10:20:00
Sell,8368.0,8370.0,-2.0,False,True,Morning,2025-03-17,10:25:00
Buy,8360.0,8358.0,-2.0,False,True,Morning,2025-03-17,10:30:00
Sell,8370.0,8372.0,-2.0,False,True,Morning,2025-03-17,10:35:00
Buy,8359.0,8357.0,-2.0,False,True,Morning,2025-03-17,10:40:00
Sell,8368.0,8368.0,0.0,False,False,Morning,2025-03-17,10:45:00
,8369.0,,0.0,False,False,Morning,2025-03-17,10:50:00
Buy,8365.0,8363.0,-2.0,False,True,Morning,2025-03-17,10:55:00
Sell,8378.0,8380.0,-2.0,False,True,Morning,2025-03-17,11:00:00
Sell,8395.0,8397.0,-2.0,False,True,Morning,2025-03-17,11:05:00
Sell,8423.0,8425.0,-2.0,False,True,Morning,2025-03-17,11:10:00
,8424.0,,0.0,False,False,Morning,2025-03-17,11:15:00
Sell,8429.0,8431.0,-2.0,False,True,Morning,2025-03-17,11:20:00
Sell,8434.0,8436.0,-2.0,False,True,Morning,2025-03-17,11:25:00
Buy,8429.0,8430.0,1.0,False,False,Morning,2025-03-17,11:30:00
Sell,8425.0,8401.0,24.0,True,False,Afternoon,2025-03-17,12:30:00
Buy,8396.0,8394.0,-2.0,False,True,Afternoon,2025-03-17,12:35:00
Sell,8399.0,8401.0,-2.0,False,True,Afternoon,2025-03-17,12:40:00
Sell,8437.0,8439.0,-2.0,False,True,Afternoon,2025-03-17,12:45:00
Sell,8464.0,8466.0,-2.0,False,True,Afternoon,2025-03-17,12:50:00
Sell,8483.0,8485.0,-2.0,False,True,Afternoon,2025-03-17,12:55:00
Sell,8502.0,8478.0,24.0,True,False,Afternoon,2025-03-17,13:00:00
Buy,8472.0,8470.0,-2.0,False,True,Afternoon,2025-03-17,13:05:00
Buy,8457.0,8455.0,-2.0,False,True,Afternoon,2025-03-17,13:10:00
Sell,8463.0,8453.0,10.0,False,False,Afternoon,2025-03-17,13:15:00
Buy,8453.0,8451.0,-2.0,False,True,Afternoon,2025-03-17,13:20:00
Sell,8468.0,8444.0,24.0,True,False,Afternoon,2025-03-17,13:25:00
Buy,8447.0,8445.0,-2.0,False,True,Afternoon,2025-03-17,13:30:00
Sell,8460.0,8462.0,-2.0,False,True,Afternoon,2025-03-17,13:35:00
Sell,8484.0,8486.0,-2.0,False,True,Afternoon,2025-03-17,13:40:00
Buy,8474.0,8472.0,-2.0,False,True,Afternoon,2025-03-17,13:45:00
Sell,8494.0,8496.0,-2.0,False,True,Afternoon,2025-03-17,13:50:00
Sell,8497.0,8492.0,5.0,False,False,Afternoon,2025-03-17,13:55:00
Buy,8493.0,8491.0,-2.0,False,True,Afternoon,2025-03-17,14:00:00
,8492.0,,0.0,False,False,Afternoon,2025-03-17,14:05:00
Buy,8477.0,8475.0,-2.0,False,True,Afternoon,2025-03-17,14:10:00
Sell,8478.0,8480.0,-2.0,False,True,Afternoon,2025-03-17,14:15:00
Sell,8487.0,8489.0,-2.0,False,True,Afternoon,2025-03-17,14:20:00
Buy,8484.0,8482.0,-2.0,False,True,Afternoon,2025-03-17,14:25:00
Buy,8455.0,8463.0,8.0,False,False,Afternoon,2025-03-17,14:30:00
Sell,8464.0,8466.0,-2.0,False,True,Afternoon,2025-03-17,14:35:00
Buy,8459.0,8471.0,12.0,False,False,Afternoon,2025-03-17,14:40:00
Sell,8470.0,8472.0,-2.0,False,True,Afternoon,2025-03-17,14:45:00
Buy,8466.0,8487.0,21.0,False,False,Afternoon,2025-03-17,14:50:00
Sell,8487.0,8489.0,-2.0,False,True,Afternoon,2025-03-17,14:55:00
Buy,8483.0,8481.0,-2.0,False,True,Afternoon,2025-03-17,15:00:00
Sell,8488.0,8467.0,21.0,False,False,Afternoon,2025-03-17,15:05:00
Buy,8467.0,8465.0,-2.0,False,True,Afternoon,2025-03-17,15:10:00
Sell,8476.0,8467.0,9.0,False,False,Afternoon,2025-03-17,15:15:00
Buy,8467.0,8465.0,-2.0,False,True,Afternoon,2025-03-17,15:20:00
Buy,8563.0,8587.0,24.0,True,False,Morning,2025-03-18,09:05:00
Sell,8608.0,8584.0,24.0,True,False,Morning,2025-03-18,09:10:00
Sell,8672.0,8648.0,24.0,True,False,Morning,2025-03-18,09:15:00
Buy,8645.0,8669.0,24.0,True,False,Morning,2025-03-18,09:20:00
Sell,8666.0,8642.0,24.0,True,False,Morning,2025-03-18,09:25:00
Buy,8641.0,8665.0,24.0,True,False,Morning,2025-03-18,09:30:00
Sell,8662.0,8664.0,-2.0,False,True,Morning,2025-03-18,09:35:00
Sell,8702.0,8704.0,-2.0,False,True,Morning,2025-03-18,09:40:00
Buy,8694.0,8692.0,-2.0,False,True,Morning,2025-03-18,09:45:00
Buy,8665.0,8663.0,-2.0,False,True,Morning,2025-03-18,09:50:00
Sell,8665.0,8667.0,-2.0,False,True,Morning,2025-03-18,09:55:00
Sell,8694.0,8696.0,-2.0,False,True,Morning,2025-03-18,10:00:00
Sell,8736.0,8738.0,-2.0,False,True,Morning,2025-03-18,10:05:00
Buy,8725.0,8749.0,24.0,True,False,Morning,2025-03-18,10:10:00
Sell,8757.0,8759.0,-2.0,False,True,Morning,2025-03-18,10:15:00
Sell,8775.0,8777.0,-2.0,False,True,Morning,2025-03-18,10:20:00
Buy,8773.0,8771.0,-2.0,False,True,Morning,2025-03-18,10:25:00
Buy,8744.0,8742.0,-2.0,False,True,Morning,2025-03-18,10:30:00
Buy,8741.0,8739.0,-2.0,False,True,Morning,2025-03-18,10:35:00
Sell,8746.0,8748.0,-2.0,False,True,Morning,2025-03-18,10:40:00
Sell,8766.0,8768.0,-2.0,False,True,Morning,2025-03-18,10:45:00
Buy,8764.0,8762.0,-2.0,False,True,Morning,2025-03-18,10:50:00
Buy,8754.0,8752.0,-2.0,False,True,Morning,2025-03-18,10:55:00
Buy,8738.0,8762.0,24.0,True,False,Morning,2025-03-18,11:00:00
Sell,8759.0,8761.0,-2.0,False,True,Morning,2025-03-18,11:05:00
Sell,8763.0,8765.0,-2.0,False,True,Morning,2025-03-18,11:10:00
Buy,8758.0,8756.0,-2.0,False,True,Morning,2025-03-18,11:15:00
Buy,8755.0,8753.0,-2.0,False,True,Morning,2025-03-18,11:20:00
Buy,8741.0,8739.0,-2.0,False,True,Morning,2025-03-18,11:25:00
Buy,8735.0,8739.0,4.0,False,False,Morning,2025-03-18,11:30:00
Sell,8715.0,8717.0,-2.0,False,True,Afternoon,2025-03-18,12:30:00
Sell,8737.0,8739.0,-2.0,False,True,Afternoon,2025-03-18,12:35:00
Buy,8725.0,8723.0,-2.0,False,True,Afternoon,2025-03-18,12:40:00
Buy,8713.0,8711.0,-2.0,False,True,Afternoon,2025-03-18,12:45:00
,8714.0,,0.0,False,False,Afternoon,2025-03-18,12:50:00
Sell,8723.0,8725.0,-2.0,False,True,Afternoon,2025-03-18,12:55:00
Sell,8741.0,8743.0,-2.0,False,True,Afternoon,2025-03-18,13:00:00
Buy,8734.0,8732.0,-2.0,False,True,Afternoon,2025-03-18,13:05:00
Buy,8726.0,8724.0,-2.0,False,True,Afternoon,2025-03-18,13:10:00
Buy,8710.0,8708.0,-2.0,False,True,Afternoon,2025-03-18,13:15:00
Sell,8721.0,8723.0,-2.0,False,True,Afternoon,2025-03-18,13:20:00
Buy,8717.0,8715.0,-2.0,False,True,Afternoon,2025-03-18,13:25:00
Buy,8710.0,8708.0,-2.0,False,True,Afternoon,2025-03-18,13:30:00
Buy,8687.0,8685.0,-2.0,False,True,Afternoon,2025-03-18,13:35:00
Buy,8685.0,8683.0,-2.0,False,True,Afternoon,2025-03-18,13:40:00
Sell,8690.0,8692.0,-2.0,False,True,Afternoon,2025-03-18,13:45:00
Sell,8709.0,8697.0,12.0,False,False,Afternoon,2025-03-18,13:50:00
Buy,8697.0,8695.0,-2.0,False,True,Afternoon,2025-03-18,13:55:00
Buy,8696.0,8694.0,-2.0,False,True,Afternoon,2025-03-18,14:00:00
Buy,8689.0,8687.0,-2.0,False,True,Afternoon,2025-03-18,14:05:00
Sell,8703.0,8705.0,-2.0,False,True,Afternoon,2025-03-18,14:10:00
Sell,8734.0,8720.0,14.0,False,False,Afternoon,2025-03-18,14:15:00
Buy,8721.0,8719.0,-2.0,False,True,Afternoon,2025-03-18,14:20:00
Sell,8731.0,8733.0,-2.0,False,True,Afternoon,2025-03-18,14:25:00
Sell,8732.0,8734.0,-2.0,False,True,Afternoon,2025-03-18,14:30:00
Sell,8735.0,8737.0,-2.0,False,True,Afternoon,2025-03-18,14:35:00
,8736.0,,0.0,False,False,Afternoon,2025-03-18,14:40:00
Buy,8726.0,8732.0,6.0,False,False,Afternoon,2025-03-18,14:45:00
Sell,8732.0,8734.0,-2.0,False,True,Afternoon,2025-03-18,14:50:00
Sell,8740.0,8727.0,13.0,False,False,Afternoon,2025-03-18,14:55:00
Buy,8727.0,8725.0,-2.0,False,True,Afternoon,2025-03-18,15:00:00
Buy,8714.0,8712.0,-2.0,False,True,Afternoon,2025-03-18,15:05:00
Buy,8706.0,8708.0,2.0,False,False,Afternoon,2025-03-18,15:10:00
Sell,8707.0,8709.0,-2.0,False,True,Afternoon,2025-03-18,15:15:00
Buy,8700.0,8701.0,1.0,False,False,Afternoon,2025-03-18,15:20:00
Sell,8419.0,8421.0,-2.0,False,True,Morning,2025-03-19,09:00:00
Buy,8416.0,8440.0,24.0,True,False,Morning,2025-03-19,09:05:00
Sell,8447.0,8423.0,24.0,True,False,Morning,2025-03-19,09:10:00
Buy,8408.0,8406.0,-2.0,False,True,Morning,2025-03-19,09:15:00
Buy,8374.0,8398.0,24.0,True,False,Morning,2025-03-19,09:20:00
Sell,8409.0,8411.0,-2.0,False,True,Morning,2025-03-19,09:25:00
,8409.0,,0.0,False,False,Morning,2025-03-19,09:30:00
Sell,8412.0,8414.0,-2.0,False,True,Morning,2025-03-19,09:35:00
Buy,8408.0,8406.0,-2.0,False,True,Morning,2025-03-19,09:40:00
Sell,8412.0,8388.0,24.0,True,False,Morning,2025-03-19,09:45:00
Buy,8385.0,8383.0,-2.0,False,True,Morning,2025-03-19,09:50:00
Buy,8375.0,8373.0,-2.0,False,True,Morning,2025-03-19,09:55:00
Buy,8366.0,8364.0,-2.0,False,True,Morning,2025-03-19,10:00:00
Buy,8359.0,8383.0,24.0,True,False,Morning,2025-03-19,10:05:00
Sell,8378.0,8380.0,-2.0,False,True,Morning,2025-03-19,10:10:00
Sell,8381.0,8383.0,-2.0,False,True,Morning,2025-03-19,10:15:00
Buy,8373.0,8397.0,24.0,True,False,Morning,2025-03-19,10:20:00
Sell,8410.0,8412.0,-2.0,False,True,Morning,2025-03-19,10:25:00
Buy,8406.0,8404.0,-2.0,False,True,Morning,2025-03-19,10:30:00
Buy,8391.0,8389.0,-2.0,False,True,Morning,2025-03-19,10:35:00
Buy,8389.0,8387.0,-2.0,False,True,Morning,2025-03-19,10:40:00
Buy,8386.0,8384.0,-2.0,False,True,Morning,2025-03-19,10:45:00
Buy,8380.0,8378.0,-2.0,False,True,Morning,2025-03-19,10:50:00
Sell,8383.0,8385.0,-2.0,False,True,Morning,2025-03-19,10:55:00
,8383.0,,0.0,False,False,Morning,2025-03-19,11:00:00
Sell,8405.0,8407.0,-2.0,False,True,Morning,2025-03-19,11:05:00
Sell,8421.0,8423.0,-2.0,False,True,Morning,2025-03-19,11:10:00
Sell,8423.0,8425.0,-2.0,False,True,Morning,2025-03-19,11:15:00
Sell,8443.0,8419.0,24.0,True,False,Morning,2025-03-19,11:20:00
Buy,8419.0,8443.0,24.0,True,False,Morning,2025-03-19,11:25:00
Sell,8457.0,8445.0,12.0,False,False,Morning,2025-03-19,11:30:00
Buy,8458.0,8482.0,24.0,True,False,Afternoon,2025-03-19,12:30:00
Buy,8455.0,8453.0,-2.0,False,True,Afternoon,2025-03-19,12:35:00
Buy,8454.0,8452.0,-2.0,False,True,Afternoon,2025-03-19,12:40:00
Buy,8444.0,8442.0,-2.0,False,True,Afternoon,2025-03-19,12:45:00
Buy,8432.0,8430.0,-2.0,False,True,Afternoon,2025-03-19,12:50:00
Buy,8397.0,8395.0,-2.0,False,True,Afternoon,2025-03-19,12:55:00
Sell,8405.0,8392.0,13.0,False,False,Afternoon,2025-03-19,13:00:00
Buy,8391.0,8389.0,-2.0,False,True,Afternoon,2025-03-19,13:05:00
Buy,8389.0,8389.0,0.0,False,False,Afternoon,2025-03-19,13:10:00
,8388.0,,0.0,False,False,Afternoon,2025-03-19,13:15:00
Buy,8381.0,8379.0,-2.0,False,True,Afternoon,2025-03-19,13:20:00
Sell,8390.0,8366.0,24.0,True,False,Afternoon,2025-03-19,13:25:00
Buy,8367.0,8365.0,-2.0,False,True,Afternoon,2025-03-19,13:30:00
Buy,8356.0,8354.0,-2.0,False,True,Afternoon,2025-03-19,13:35:00
Sell,8364.0,8355.0,9.0,False,False,Afternoon,2025-03-19,13:40:00
Buy,8355.0,8360.0,5.0,False,False,Afternoon,2025-03-19,13:45:00
Sell,8360.0,8336.0,24.0,True,False,Afternoon,2025-03-19,13:50:00
Buy,8330.0,8328.0,-2.0,False,True,Afternoon,2025-03-19,13:55:00
Sell,8333.0,8335.0,-2.0,False,True,Afternoon,2025-03-19,14:00:00
Buy,8323.0,8321.0,-2.0,False,True,Afternoon,2025-03-19,14:05:00
Buy,8315.0,8313.0,-2.0,False,True,Afternoon,2025-03-19,14:10:00
Buy,8313.0,8311.0,-2.0,False,True,Afternoon,2025-03-19,14:15:00
Buy,8312.0,8310.0,-2.0,False,True,Afternoon,2025-03-19,14:20:00
Sell,8318.0,8320.0,-2.0,False,True,Afternoon,2025-03-19,14:25:00
Sell,8326.0,8328.0,-2.0,False,True,Afternoon,2025-03-19,14:30:00
Sell,8337.0,8339.0,-2.0,False,True,Afternoon,2025-03-19,14:35:00
Buy,8330.0,8328.0,-2.0,False,True,Afternoon,2025-03-19,14:40:00
Buy,8318.0,8316.0,-2.0,False,True,Afternoon,2025-03-19,14:45:00
Buy,8308.0,8306.0,-2.0,False,True,Afternoon,2025-03-19,14:50:00
,8308.0,,0.0,False,False,Afternoon,2025-03-19,14:55:00
Sell,8316.0,8318.0,-2.0,False,True,Afternoon,2025-03-19,15:00:00
Sell,8321.0,8308.0,13.0,False,False,Afternoon,2025-03-19,15:05:00
Buy,8308.0,8306.0,-2.0,False,True,Afternoon,2025-03-19,15:10:00
Buy,8304.0,8302.0,-2.0,False,True,Afternoon,2025-03-19,15:15:00
Buy,8301.0,8299.0,-2.0,False,True,Afternoon,2025-03-19,15:20:00
Buy,8346.0,8347.0,1.0,False,False,Morning,2025-03-21,09:00:00
Sell,8348.0,8350.0,-2.0,False,True,Morning,2025-03-21,09:05:00
Sell,8377.0,8379.0,-2.0,False,True,Morning,2025-03-21,09:10:00
Sell,8388.0,8390.0,-2.0,False,True,Morning,2025-03-21,09:15:00
Buy,8378.0,8402.0,24.0,True,False,Morning,2025-03-21,09:20:00
Sell,8389.0,8365.0,24.0,True,False,Morning,2025-03-21,09:25:00
Buy,8338.0,8362.0,24.0,True,False,Morning,2025-03-21,09:30:00
Buy,8309.0,8307.0,-2.0,False,True,Morning,2025-03-21,09:35:00
Buy,8271.0,8269.0,-2.0,False,True,Morning,2025-03-21,09:40:00
,8271.0,,0.0,False,False,Morning,2025-03-21,09:45:00
Buy,8248.0,8246.0,-2.0,False,True,Morning,2025-03-21,09:50:00
Sell,8255.0,8257.0,-2.0,False,True,Morning,2025-03-21,09:55:00
Sell,8257.0,8233.0,24.0,True,False,Morning,2025-03-21,10:00:00
Buy,8233.0,8231.0,-2.0,False,True,Morning,2025-03-21,10:05:00
Buy,8233.0,8231.0,-2.0,False,True,Morning,2025-03-21,10:10:00
Buy,8219.0,8217.0,-2.0,False,True,Morning,2025-03-21,10:15:00
Buy,8205.0,8203.0,-2.0,False,True,Morning,2025-03-21,10:20:00
Buy,8177.0,8175.0,-2.0,False,True,Morning,2025-03-21,10:25:00
Sell,8188.0,8190.0,-2.0,False,True,Morning,2025-03-21,10:30:00
Sell,8200.0,8202.0,-2.0,False,True,Morning,2025-03-21,10:35:00
Buy,8192.0,8190.0,-2.0,False,True,Morning,2025-03-21,10:40:00
Buy,8180.0,8178.0,-2.0,False,True,Morning,2025-03-21,10:45:00
Sell,8184.0,8186.0,-2.0,False,True,Morning,2025-03-21,10:50:00
Buy,8165.0,8163.0,-2.0,False,True,Morning,2025-03-21,10:55:00
Buy,8162.0,8160.0,-2.0,False,True,Morning,2025-03-21,11:00:00
Sell,8173.0,8175.0,-2.0,False,True,Morning,2025-03-21,11:05:00
Sell,8180.0,8182.0,-2.0,False,True,Morning,2025-03-21,11:10:00
Buy,8179.0,8177.0,-2.0,False,True,Morning,2025-03-21,11:15:00
Sell,8186.0,8188.0,-2.0,False,True,Morning,2025-03-21,11:20:00
Buy,8171.0,8169.0,-2.0,False,True,Morning,2025-03-21,11:25:00
Sell,8168.0,8168.0,0.0,False,False,Morning,2025-03-21,11:30:00
,8158.0,,0.0,False,False,Afternoon,2025-03-21,12:30:00
Sell,8189.0,8178.0,11.0,False,False,Afternoon,2025-03-21,12:35:00
Buy,8179.0,8177.0,-2.0,False,True,Afternoon,2025-03-21,12:40:00
Buy,8177.0,8175.0,-2.0,False,True,Afternoon,2025-03-21,12:45:00
Sell,8192.0,8194.0,-2.0,False,True,Afternoon,2025-03-21,12:50:00
Sell,8215.0,8191.0,24.0,True,False,Afternoon,2025-03-21,12:55:00
Buy,8189.0,8207.0,18.0,False,False,Afternoon,2025-03-21,13:00:00
Sell,8207.0,8209.0,-2.0,False,True,Afternoon,2025-03-21,13:05:00
Sell,8224.0,8226.0,-2.0,False,True,Afternoon,2025-03-21,13:10:00
Sell,8237.0,8239.0,-2.0,False,True,Afternoon,2025-03-21,13:15:00
Buy,8230.0,8228.0,-2.0,False,True,Afternoon,2025-03-21,13:20:00
Buy,8208.0,8206.0,-2.0,False,True,Afternoon,2025-03-21,13:25:00
Buy,8184.0,8182.0,-2.0,False,True,Afternoon,2025-03-21,13:30:00
Buy,8181.0,8179.0,-2.0,False,True,Afternoon,2025-03-21,13:35:00
Buy,8179.0,8177.0,-2.0,False,True,Afternoon,2025-03-21,13:40:00
Buy,8177.0,8175.0,-2.0,False,True,Afternoon,2025-03-21,13:45:00
Buy,8169.0,8167.0,-2.0,False,True,Afternoon,2025-03-21,13:50:00
Buy,8162.0,8160.0,-2.0,False,True,Afternoon,2025-03-21,13:55:00
Buy,8153.0,8151.0,-2.0,False,True,Afternoon,2025-03-21,14:00:00
Sell,8159.0,8161.0,-2.0,False,True,Afternoon,2025-03-21,14:05:00
Sell,8163.0,8165.0,-2.0,False,True,Afternoon,2025-03-21,14:10:00
Buy,8162.0,8160.0,-2.0,False,True,Afternoon,2025-03-21,14:15:00
Sell,8168.0,8170.0,-2.0,False,True,Afternoon,2025-03-21,14:20:00
Sell,8173.0,8160.0,13.0,False,False,Afternoon,2025-03-21,14:25:00
Buy,8161.0,8159.0,-2.0,False,True,Afternoon,2025-03-21,14:30:00
Buy,8157.0,8155.0,-2.0,False,True,Afternoon,2025-03-21,14:35:00
Buy,8130.0,8128.0,-2.0,False,True,Afternoon,2025-03-21,14:40:00
Buy,8124.0,8122.0,-2.0,False,True,Afternoon,2025-03-21,14:45:00
Buy,8121.0,8119.0,-2.0,False,True,Afternoon,2025-03-21,14:50:00
Sell,8134.0,8136.0,-2.0,False,True,Afternoon,2025-03-21,14:55:00
Sell,8135.0,8137.0,-2.0,False,True,Afternoon,2025-03-21,15:00:00
,8136.0,,0.0,False,False,Afternoon,2025-03-21,15:05:00
Sell,8137.0,8133.0,4.0,False,False,Afternoon,2025-03-21,15:10:00
Buy,8134.0,8132.0,-2.0,False,True,Afternoon,2025-03-21,15:15:00
Buy,8122.0,8120.0,-2.0,False,True,Afternoon,2025-03-21,15:20:00
Buy,8106.0,8106.0,0.0,False,False,Afternoon,2025-03-21,15:25:00
,8198.0,,0.0,False,False,Morning,2025-03-24,09:00:00
Buy,8165.0,8189.0,24.0,True,False,Morning,2025-03-24,09:05:00
Sell,8199.0,8175.0,24.0,True,False,Morning,2025-03-24,09:10:00
Buy,8169.0,8167.0,-2.0,False,True,Morning,2025-03-24,09:15:00
Sell,8173.0,8149.0,24.0,True,False,Morning,2025-03-24,09:20:00
Buy,8145.0,8143.0,-2.0,False,True,Morning,2025-03-24,09:25:00
Buy,8125.0,8149.0,24.0,True,False,Morning,2025-03-24,09:30:00
Sell,8172.0,8148.0,24.0,True,False,Morning,2025-03-24,09:35:00
Buy,8161.0,8159.0,-2.0,False,True,Morning,2025-03-24,09:40:00
Buy,8158.0,8156.0,-2.0,False,True,Morning,2025-03-24,09:45:00
Buy,8155.0,8153.0,-2.0,False,True,Morning,2025-03-24,09:50:00
Buy,8152.0,8150.0,-2.0,False,True,Morning,2025-03-24,09:55:00
Sell,8159.0,8155.0,4.0,False,False,Morning,2025-03-24,10:00:00
Buy,8154.0,8152.0,-2.0,False,True,Morning,2025-03-24,10:05:00
Buy,8136.0,8160.0,24.0,True,False,Morning,2025-03-24,10:10:00
Sell,8146.0,8122.0,24.0,True,False,Morning,2025-03-24,10:15:00
Buy,8132.0,8130.0,-2.0,False,True,Morning,2025-03-24,10:20:00
Buy,8112.0,8110.0,-2.0,False,True,Morning,2025-03-24,10:25:00
Buy,8099.0,8097.0,-2.0,False,True,Morning,2025-03-24,10:30:00
Buy,8093.0,8091.0,-2.0,False,True,Morning,2025-03-24,10:35:00
Sell,8099.0,8075.0,24.0,True,False,Morning,2025-03-24,10:40:00
Buy,8073.0,8071.0,-2.0,False,True,Morning,2025-03-24,10:45:00
Sell,8076.0,8078.0,-2.0,False,True,Morning,2025-03-24,10:50:00
Buy,8073.0,8071.0,-2.0,False,True,Morning,2025-03-24,10:55:00
Sell,8076.0,8078.0,-2.0,False,True,Morning,2025-03-24,11:00:00
Sell,8088.0,8090.0,-2.0,False,True,Morning,2025-03-24,11:05:00
Sell,8109.0,8111.0,-2.0,False,True,Morning,2025-03-24,11:10:00
Sell,8113.0,8115.0,-2.0,False,True,Morning,2025-03-24,11:15:00
Buy,8108.0,8106.0,-2.0,False,True,Morning,2025-03-24,11:20:00
Buy,8099.0,8097.0,-2.0,False,True,Morning,2025-03-24,11:25:00
Sell,8102.0,8100.0,2.0,False,False,Morning,2025-03-24,11:30:00
Buy,8100.0,8098.0,-2.0,False,True,Afternoon,2025-03-24,12:30:00
Buy,8072.0,8070.0,-2.0,False,True,Afternoon,2025-03-24,12:35:00
Buy,8070.0,8068.0,-2.0,False,True,Afternoon,2025-03-24,12:40:00
Sell,8079.0,8081.0,-2.0,False,True,Afternoon,2025-03-24,12:45:00
Buy,8060.0,8058.0,-2.0,False,True,Afternoon,2025-03-24,12:50:00
Sell,8060.0,8062.0,-2.0,False,True,Afternoon,2025-03-24,12:55:00
Sell,8068.0,8070.0,-2.0,False,True,Afternoon,2025-03-24,13:00:00
Buy,8068.0,8066.0,-2.0,False,True,Afternoon,2025-03-24,13:05:00
Buy,8058.0,8056.0,-2.0,False,True,Afternoon,2025-03-24,13:10:00
Sell,8059.0,8061.0,-2.0,False,True,Afternoon,2025-03-24,13:15:00
Sell,8062.0,8064.0,-2.0,False,True,Afternoon,2025-03-24,13:20:00
Sell,8063.0,8065.0,-2.0,False,True,Afternoon,2025-03-24,13:25:00
Sell,8073.0,8068.0,5.0,False,False,Afternoon,2025-03-24,13:30:00
Buy,8068.0,8066.0,-2.0,False,True,Afternoon,2025-03-24,13:35:00
Buy,8064.0,8062.0,-2.0,False,True,Afternoon,2025-03-24,13:40:00
Buy,8055.0,8053.0,-2.0,False,True,Afternoon,2025-03-24,13:45:00
Buy,8053.0,8051.0,-2.0,False,True,Afternoon,2025-03-24,13:50:00
,8053.0,,0.0,False,False,Afternoon,2025-03-24,13:55:00
Sell,8054.0,8056.0,-2.0,False,True,Afternoon,2025-03-24,14:00:00
Sell,8064.0,8057.0,7.0,False,False,Afternoon,2025-03-24,14:05:00
Buy,8056.0,8054.0,-2.0,False,True,Afternoon,2025-03-24,14:10:00
Sell,8057.0,8059.0,-2.0,False,True,Afternoon,2025-03-24,14:15:00
Buy,8047.0,8045.0,-2.0,False,True,Afternoon,2025-03-24,14:20:00
Buy,8046.0,8044.0,-2.0,False,True,Afternoon,2025-03-24,14:25:00
Buy,8045.0,8043.0,-2.0,False,True,Afternoon,2025-03-24,14:30:00
,8045.0,,0.0,False,False,Afternoon,2025-03-24,14:35:00
Sell,8050.0,8052.0,-2.0,False,True,Afternoon,2025-03-24,14:40:00
Buy,8049.0,8047.0,-2.0,False,True,Afternoon,2025-03-24,14:45:00
Buy,8044.0,8042.0,-2.0,False,True,Afternoon,2025-03-24,14:50:00
Sell,8051.0,8053.0,-2.0,False,True,Afternoon,2025-03-24,14:55:00
Sell,8058.0,8060.0,-2.0,False,True,Afternoon,2025-03-24,15:00:00
Buy,8054.0,8052.0,-2.0,False,True,Afternoon,2025-03-24,15:05:00
Buy,8049.0,8047.0,-2.0,False,True,Afternoon,2025-03-24,15:10:00
Buy,8035.0,8033.0,-2.0,False,True,Afternoon,2025-03-24,15:15:00
Buy,8031.0,8029.0,-2.0,False,True,Afternoon,2025-03-24,15:20:00
Buy,8080.0,8080.0,0.0,False,False,Morning,2025-03-25,09:00:00
,8078.0,,0.0,False,False,Morning,2025-03-25,09:05:00
Buy,8069.0,8093.0,24.0,True,False,Morning,2025-03-25,09:10:00
Sell,8107.0,8083.0,24.0,True,False,Morning,2025-03-25,09:15:00
Buy,8074.0,8072.0,-2.0,False,True,Morning,2025-03-25,09:20:00
Buy,8050.0,8074.0,24.0,True,False,Morning,2025-03-25,09:25:00
Sell,8054.0,8056.0,-2.0,False,True,Morning,2025-03-25,09:30:00
Sell,8063.0,8065.0,-2.0,False,True,Morning,2025-03-25,09:35:00
Buy,8057.0,8081.0,24.0,True,False,Morning,2025-03-25,09:40:00
Sell,8065.0,8067.0,-2.0,False,True,Morning,2025-03-25,09:45:00
Buy,8047.0,8045.0,-2.0,False,True,Morning,2025-03-25,09:50:00
Buy,8028.0,8052.0,24.0,True,False,Morning,2025-03-25,09:55:00
Sell,8061.0,8037.0,24.0,True,False,Morning,2025-03-25,10:00:00
Buy,8046.0,8044.0,-2.0,False,True,Morning,2025-03-25,10:05:00
Buy,8044.0,8042.0,-2.0,False,True,Morning,2025-03-25,10:10:00
Sell,8047.0,8023.0,24.0,True,False,Morning,2025-03-25,10:15:00
Buy,8019.0,8017.0,-2.0,False,True,Morning,2025-03-25,10:20:00
Sell,8019.0,8021.0,-2.0,False,True,Morning,2025-03-25,10:25:00
Buy,7998.0,7996.0,-2.0,False,True,Morning,2025-03-25,10:30:00
Sell,8009.0,8005.0,4.0,False,False,Morning,2025-03-25,10:35:00
Buy,8005.0,8020.0,15.0,False,False,Morning,2025-03-25,10:40:00
Sell,8020.0,7996.0,24.0,True,False,Morning,2025-03-25,10:45:00
Buy,7985.0,7983.0,-2.0,False,True,Morning,2025-03-25,10:50:00
Buy,7984.0,7982.0,-2.0,False,True,Morning,2025-03-25,10:55:00
Buy,7974.0,7972.0,-2.0,False,True,Morning,2025-03-25,11:00:00
Buy,7972.0,7970.0,-2.0,False,True,Morning,2025-03-25,11:05:00
Sell,7981.0,7983.0,-2.0,False,True,Morning,2025-03-25,11:10:00
Buy,7963.0,7961.0,-2.0,False,True,Morning,2025-03-25,11:15:00
Buy,7949.0,7947.0,-2.0,False,True,Morning,2025-03-25,11:20:00
Buy,7945.0,7943.0,-2.0,False,True,Morning,2025-03-25,11:25:00
Sell,7950.0,7943.0,7.0,False,False,Morning,2025-03-25,11:30:00
Buy,7930.0,7928.0,-2.0,False,True,Afternoon,2025-03-25,12:30:00
Buy,7913.0,7911.0,-2.0,False,True,Afternoon,2025-03-25,12:35:00
Buy,7897.0,7895.0,-2.0,False,True,Afternoon,2025-03-25,12:40:00
Buy,7892.0,7890.0,-2.0,False,True,Afternoon,2025-03-25,12:45:00
Buy,7874.0,7872.0,-2.0,False,True,Afternoon,2025-03-25,12:50:00
Buy,7873.0,7871.0,-2.0,False,True,Afternoon,2025-03-25,12:55:00
Buy,7864.0,7862.0,-2.0,False,True,Afternoon,2025-03-25,13:00:00
Buy,7836.0,7834.0,-2.0,False,True,Afternoon,2025-03-25,13:05:00
Sell,7856.0,7832.0,24.0,True,False,Afternoon,2025-03-25,13:10:00
Buy,7815.0,7813.0,-2.0,False,True,Afternoon,2025-03-25,13:15:00
Buy,7770.0,7768.0,-2.0,False,True,Afternoon,2025-03-25,13:20:00
Sell,7771.0,7773.0,-2.0,False,True,Afternoon,2025-03-25,13:25:00
Buy,7768.0,7766.0,-2.0,False,True,Afternoon,2025-03-25,13:30:00
Buy,7757.0,7755.0,-2.0,False,True,Afternoon,2025-03-25,13:35:00
Buy,7755.0,7779.0,24.0,True,False,Afternoon,2025-03-25,13:40:00
Sell,7781.0,7778.0,3.0,False,False,Afternoon,2025-03-25,13:45:00
Buy,7779.0,7777.0,-2.0,False,True,Afternoon,2025-03-25,13:50:00
Buy,7770.0,7768.0,-2.0,False,True,Afternoon,2025-03-25,13:55:00
Buy,7762.0,7760.0,-2.0,False,True,Afternoon,2025-03-25,14:00:00
Sell,7773.0,7775.0,-2.0,False,True,Afternoon,2025-03-25,14:05:00
Buy,7768.0,7766.0,-2.0,False,True,Afternoon,2025-03-25,14:10:00
Buy,7762.0,7760.0,-2.0,False,True,Afternoon,2025-03-25,14:15:00
Buy,7760.0,7758.0,-2.0,False,True,Afternoon,2025-03-25,14:20:00
Buy,7760.0,7758.0,-2.0,False,True,Afternoon,2025-03-25,14:25:00
Buy,7734.0,7732.0,-2.0,False,True,Afternoon,2025-03-25,14:30:00
Buy,7726.0,7724.0,-2.0,False,True,Afternoon,2025-03-25,14:35:00
Buy,7721.0,7719.0,-2.0,False,True,Afternoon,2025-03-25,14:40:00
Sell,7726.0,7728.0,-2.0,False,True,Afternoon,2025-03-25,14:45:00
Buy,7716.0,7740.0,24.0,True,False,Afternoon,2025-03-25,14:50:00
Sell,7735.0,7737.0,-2.0,False,True,Afternoon,2025-03-25,14:55:00
Buy,7735.0,7733.0,-2.0,False,True,Afternoon,2025-03-25,15:00:00
Buy,7730.0,7740.0,10.0,False,False,Afternoon,2025-03-25,15:05:00
Sell,7740.0,7742.0,-2.0,False,True,Afternoon,2025-03-25,15:10:00
Buy,7736.0,7734.0,-2.0,False,True,Afternoon,2025-03-25,15:15:00
Buy,7734.0,7732.0,-2.0,False,True,Afternoon,2025-03-25,15:20:00
Sell,7734.0,7710.0,24.0,True,False,Morning,2025-03-26,09:05:00
Buy,7724.0,7748.0,24.0,True,False,Morning,2025-03-26,09:10:00
Sell,7764.0,7740.0,24.0,True,False,Morning,2025-03-26,09:15:00
Buy,7752.0,7776.0,24.0,True,False,Morning,2025-03-26,09:20:00
Sell,7772.0,7774.0,-2.0,False,True,Morning,2025-03-26,09:25:00
Sell,7797.0,7799.0,-2.0,False,True,Morning,2025-03-26,09:30:00
Buy,7794.0,7792.0,-2.0,False,True,Morning,2025-03-26,09:35:00
,7796.0,,0.0,False,False,Morning,2025-03-26,09:40:00
Buy,7768.0,7766.0,-2.0,False,True,Morning,2025-03-26,09:45:00
Buy,7764.0,7762.0,-2.0,False,True,Morning,2025-03-26,09:50:00
Buy,7743.0,7757.0,14.0,False,False,Morning,2025-03-26,09:55:00
Sell,7759.0,7761.0,-2.0,False,True,Morning,2025-03-26,10:00:00
Buy,7741.0,7739.0,-2.0,False,True,Morning,2025-03-26,10:05:00
Buy,7728.0,7726.0,-2.0,False,True,Morning,2025-03-26,10:10:00
Buy,7727.0,7725.0,-2.0,False,True,Morning,2025-03-26,10:15:00
Sell,7731.0,7733.0,-2.0,False,True,Morning,2025-03-26,10:20:00
Buy,7715.0,7713.0,-2.0,False,True,Morning,2025-03-26,10:25:00
Sell,7722.0,7724.0,-2.0,False,True,Morning,2025-03-26,10:30:00
Sell,7729.0,7705.0,24.0,True,False,Morning,2025-03-26,10:35:00
Buy,7707.0,7705.0,-2.0,False,True,Morning,2025-03-26,10:40:00
Sell,7713.0,7715.0,-2.0,False,True,Morning,2025-03-26,10:45:00
Buy,7699.0,7697.0,-2.0,False,True,Morning,2025-03-26,10:50:00
Buy,7688.0,7686.0,-2.0,False,True,Morning,2025-03-26,10:55:00
Sell,7700.0,7676.0,24.0,True,False,Morning,2025-03-26,11:00:00
Buy,7678.0,7676.0,-2.0,False,True,Morning,2025-03-26,11:05:00
Buy,7668.0,7666.0,-2.0,False,True,Morning,2025-03-26,11:10:00
Buy,7663.0,7661.0,-2.0,False,True,Morning,2025-03-26,11:15:00
Sell,7663.0,7665.0,-2.0,False,True,Morning,2025-03-26,11:20:00
Buy,7650.0,7648.0,-2.0,False,True,Morning,2025-03-26,11:25:00
,7650.0,,0.0,False,False,Morning,2025-03-26,11:30:00
Buy,7651.0,7649.0,-2.0,False,True,Afternoon,2025-03-26,12:30:00
Buy,7637.0,7635.0,-2.0,False,True,Afternoon,2025-03-26,12:35:00
Sell,7644.0,7646.0,-2.0,False,True,Afternoon,2025-03-26,12:40:00
Sell,7667.0,7669.0,-2.0,False,True,Afternoon,2025-03-26,12:45:00
Sell,7716.0,7718.0,-2.0,False,True,Afternoon,2025-03-26,12:50:00
Sell,7754.0,7730.0,24.0,True,False,Afternoon,2025-03-26,12:55:00
Buy,7747.0,7771.0,24.0,True,False,Afternoon,2025-03-26,13:00:00
Sell,7767.0,7769.0,-2.0,False,True,Afternoon,2025-03-26,13:05:00
,7768.0,,0.0,False,False,Afternoon,2025-03-26,13:10:00
Buy,7765.0,7763.0,-2.0,False,True,Afternoon,2025-03-26,13:15:00
Buy,7754.0,7778.0,24.0,True,False,Afternoon,2025-03-26,13:20:00
Sell,7782.0,7784.0,-2.0,False,True,Afternoon,2025-03-26,13:25:00
Buy,7776.0,7774.0,-2.0,False,True,Afternoon,2025-03-26,13:30:00
Buy,7762.0,7760.0,-2.0,False,True,Afternoon,2025-03-26,13:35:00
Sell,7768.0,7770.0,-2.0,False,True,Afternoon,2025-03-26,13:40:00
,7769.0,,0.0,False,False,Afternoon,2025-03-26,13:45:00
Buy,7767.0,7765.0,-2.0,False,True,Afternoon,2025-03-26,13:50:00
Sell,7772.0,7774.0,-2.0,False,True,Afternoon,2025-03-26,13:55:00
Sell,7784.0,7786.0,-2.0,False,True,Afternoon,2025-03-26,14:00:00
Sell,7787.0,7789.0,-2.0,False,True,Afternoon,2025-03-26,14:05:00
Sell,7805.0,7807.0,-2.0,False,True,Afternoon,2025-03-26,14:10:00
Sell,7813.0,7815.0,-2.0,False,True,Afternoon,2025-03-26,14:15:00
Sell,7816.0,7818.0,-2.0,False,True,Afternoon,2025-03-26,14:20:00
Buy,7805.0,7803.0,-2.0,False,True,Afternoon,2025-03-26,14:25:00
Sell,7807.0,7809.0,-2.0,False,True,Afternoon,2025-03-26,14:30:00
Sell,7815.0,7817.0,-2.0,False,True,Afternoon,2025-03-26,14:35:00
Sell,7820.0,7822.0,-2.0,False,True,Afternoon,2025-03-26,14:40:00
Sell,7830.0,7832.0,-2.0,False,True,Afternoon,2025-03-26,14:45:00
Sell,7845.0,7838.0,7.0,False,False,Afternoon,2025-03-26,14:50:00
Buy,7838.0,7836.0,-2.0,False,True,Afternoon,2025-03-26,14:55:00
Buy,7797.0,7795.0,-2.0,False,True,Afternoon,2025-03-26,15:00:00
Buy,7791.0,7789.0,-2.0,False,True,Afternoon,2025-03-26,15:05:00
Sell,7795.0,7797.0,-2.0,False,True,Afternoon,2025-03-26,15:10:00
Sell,7797.0,7799.0,-2.0,False,True,Afternoon,2025-03-26,15:15:00
Sell,7804.0,7806.0,-2.0,False,True,Afternoon,2025-03-26,15:20:00
Buy,7798.0,7798.0,0.0,False,False,Afternoon,2025-03-26,15:25:00
,7433.0,,0.0,False,False,Morning,2025-03-27,09:00:00
,7433.0,,0.0,False,False,Morning,2025-03-27,09:05:00
Buy,7374.0,7398.0,24.0,True,False,Morning,2025-03-27,09:10:00
Sell,7415.0,7391.0,24.0,True,False,Morning,2025-03-27,09:15:00
Buy,7384.0,7382.0,-2.0,False,True,Morning,2025-03-27,09:20:00
Buy,7367.0,7365.0,-2.0,False,True,Morning,2025-03-27,09:25:00
Buy,7357.0,7381.0,24.0,True,False,Morning,2025-03-27,09:30:00
Sell,7384.0,7386.0,-2.0,False,True,Morning,2025-03-27,09:35:00
Buy,7373.0,7371.0,-2.0,False,True,Morning,2025-03-27,09:40:00
Sell,7377.0,7379.0,-2.0,False,True,Morning,2025-03-27,09:45:00
Buy,7369.0,7367.0,-2.0,False,True,Morning,2025-03-27,09:50:00
Buy,7354.0,7352.0,-2.0,False,True,Morning,2025-03-27,09:55:00
Sell,7358.0,7334.0,24.0,True,False,Morning,2025-03-27,10:00:00
Buy,7335.0,7333.0,-2.0,False,True,Morning,2025-03-27,10:05:00
Buy,7318.0,7316.0,-2.0,False,True,Morning,2025-03-27,10:10:00
,7318.0,,0.0,False,False,Morning,2025-03-27,10:15:00
Sell,7335.0,7318.0,17.0,False,False,Morning,2025-03-27,10:20:00
Buy,7319.0,7343.0,24.0,True,False,Morning,2025-03-27,10:25:00
Sell,7352.0,7354.0,-2.0,False,True,Morning,2025-03-27,10:30:00
Buy,7342.0,7340.0,-2.0,False,True,Morning,2025-03-27,10:35:00
Buy,7334.0,7332.0,-2.0,False,True,Morning,2025-03-27,10:40:00
Buy,7289.0,7287.0,-2.0,False,True,Morning,2025-03-27,10:45:00
Buy,7281.0,7279.0,-2.0,False,True,Morning,2025-03-27,10:50:00
Sell,7282.0,7265.0,17.0,False,False,Morning,2025-03-27,10:55:00
Buy,7265.0,7263.0,-2.0,False,True,Morning,2025-03-27,11:00:00
Sell,7266.0,7268.0,-2.0,False,True,Morning,2025-03-27,11:05:00
Sell,7279.0,7281.0,-2.0,False,True,Morning,2025-03-27,11:10:00
Buy,7269.0,7267.0,-2.0,False,True,Morning,2025-03-27,11:15:00
Sell,7271.0,7265.0,6.0,False,False,Morning,2025-03-27,11:20:00
Buy,7265.0,7263.0,-2.0,False,True,Morning,2025-03-27,11:25:00
Buy,7244.0,7243.0,-1.0,False,False,Morning,2025-03-27,11:30:00
Buy,7226.0,7250.0,24.0,True,False,Afternoon,2025-03-27,12:30:00
,7227.0,,0.0,False,False,Afternoon,2025-03-27,12:35:00
Buy,7220.0,7218.0,-2.0,False,True,Afternoon,2025-03-27,12:40:00
Sell,7229.0,7231.0,-2.0,False,True,Afternoon,2025-03-27,12:45:00
Sell,7230.0,7232.0,-2.0,False,True,Afternoon,2025-03-27,12:50:00
Sell,7232.0,7234.0,-2.0,False,True,Afternoon,2025-03-27,12:55:00
Sell,7253.0,7255.0,-2.0,False,True,Afternoon,2025-03-27,13:00:00
Sell,7262.0,7264.0,-2.0,False,True,Afternoon,2025-03-27,13:05:00
Sell,7266.0,7242.0,24.0,True,False,Afternoon,2025-03-27,13:10:00
Buy,7237.0,7237.0,0.0,False,False,Afternoon,2025-03-27,13:15:00
,7237.0,,0.0,False,False,Afternoon,2025-03-27,13:20:00
Buy,7234.0,7232.0,-2.0,False,True,Afternoon,2025-03-27,13:25:00
Sell,7255.0,7257.0,-2.0,False,True,Afternoon,2025-03-27,13:30:00
Buy,7251.0,7269.0,18.0,False,False,Afternoon,2025-03-27,13:35:00
Sell,7267.0,7269.0,-2.0,False,True,Afternoon,2025-03-27,13:40:00
Sell,7273.0,7275.0,-2.0,False,True,Afternoon,2025-03-27,13:45:00
Buy,7271.0,7269.0,-2.0,False,True,Afternoon,2025-03-27,13:50:00
Buy,7260.0,7258.0,-2.0,False,True,Afternoon,2025-03-27,13:55:00
Buy,7248.0,7246.0,-2.0,False,True,Afternoon,2025-03-27,14:00:00
Buy,7242.0,7240.0,-2.0,False,True,Afternoon,2025-03-27,14:05:00
,7241.0,,0.0,False,False,Afternoon,2025-03-27,14:10:00
Buy,7231.0,7229.0,-2.0,False,True,Afternoon,2025-03-27,14:15:00
Buy,7226.0,7224.0,-2.0,False,True,Afternoon,2025-03-27,14:20:00
Sell,7232.0,7234.0,-2.0,False,True,Afternoon,2025-03-27,14:25:00
Sell,7234.0,7236.0,-2.0,False,True,Afternoon,2025-03-27,14:30:00
Sell,7238.0,7232.0,6.0,False,False,Afternoon,2025-03-27,14:35:00
Buy,7233.0,7257.0,24.0,True,False,Afternoon,2025-03-27,14:40:00
Sell,7252.0,7236.0,16.0,False,False,Afternoon,2025-03-27,14:45:00
Buy,7236.0,7234.0,-2.0,False,True,Afternoon,2025-03-27,14:50:00
Sell,7245.0,7247.0,-2.0,False,True,Afternoon,2025-03-27,14:55:00
Buy,7232.0,7230.0,-2.0,False,True,Afternoon,2025-03-27,15:00:00
Buy,7218.0,7216.0,-2.0,False,True,Afternoon,2025-03-27,15:05:00
Sell,7224.0,7226.0,-2.0,False,True,Afternoon,2025-03-27,15:10:00
Buy,7222.0,7220.0,-2.0,False,True,Afternoon,2025-03-27,15:15:00
Sell,7224.0,7226.0,-2.0,False,True,Afternoon,2025-03-27,15:20:00
Buy,7136.0,7160.0,24.0,True,False,Morning,2025-03-28,09:05:00
Sell,7147.0,7123.0,24.0,True,False,Morning,2025-03-28,09:10:00
Buy,7106.0,7104.0,-2.0,False,True,Morning,2025-03-28,09:15:00
Buy,7091.0,7089.0,-2.0,False,True,Morning,2025-03-28,09:20:00
Sell,7100.0,7102.0,-2.0,False,True,Morning,2025-03-28,09:25:00
Buy,7096.0,7094.0,-2.0,False,True,Morning,2025-03-28,09:30:00
Buy,7083.0,7081.0,-2.0,False,True,Morning,2025-03-28,09:35:00
Sell,7088.0,7064.0,24.0,True,False,Morning,2025-03-28,09:40:00
Buy,7056.0,7054.0,-2.0,False,True,Morning,2025-03-28,09:45:00
Buy,7039.0,7037.0,-2.0,False,True,Morning,2025-03-28,09:50:00
Sell,7047.0,7030.0,17.0,False,False,Morning,2025-03-28,09:55:00
Buy,7028.0,7026.0,-2.0,False,True,Morning,2025-03-28,10:00:00
Buy,7012.0,7010.0,-2.0,False,True,Morning,2025-03-28,10:05:00
Buy,6999.0,6997.0,-2.0,False,True,Morning,2025-03-28,10:10:00
,6999.0,,0.0,False,False,Morning,2025-03-28,10:15:00
Sell,7002.0,7004.0,-2.0,False,True,Morning,2025-03-28,10:20:00
Sell,7043.0,7045.0,-2.0,False,True,Morning,2025-03-28,10:25:00
Buy,7035.0,7059.0,24.0,True,False,Morning,2025-03-28,10:30:00
Sell,7042.0,7018.0,24.0,True,False,Morning,2025-03-28,10:35:00
Buy,7006.0,7004.0,-2.0,False,True,Morning,2025-03-28,10:40:00
Sell,7022.0,7024.0,-2.0,False,True,Morning,2025-03-28,10:45:00
Buy,7016.0,7014.0,-2.0,False,True,Morning,2025-03-28,10:50:00
Buy,7011.0,7009.0,-2.0,False,True,Morning,2025-03-28,10:55:00
Sell,7017.0,7013.0,4.0,False,False,Morning,2025-03-28,11:00:00
Buy,7013.0,7011.0,-2.0,False,True,Morning,2025-03-28,11:05:00
Buy,7008.0,7006.0,-2.0,False,True,Morning,2025-03-28,11:10:00
Buy,6992.0,6990.0,-2.0,False,True,Morning,2025-03-28,11:15:00
Sell,6996.0,6978.0,18.0,False,False,Morning,2025-03-28,11:20:00
Buy,6980.0,6978.0,-2.0,False,True,Morning,2025-03-28,11:25:00
Sell,6981.0,6978.0,3.0,False,False,Morning,2025-03-28,11:30:00
Buy,6975.0,6973.0,-2.0,False,True,Afternoon,2025-03-28,12:30:00
Buy,6964.0,6962.0,-2.0,False,True,Afternoon,2025-03-28,12:35:00
Buy,6952.0,6950.0,-2.0,False,True,Afternoon,2025-03-28,12:40:00
Buy,6945.0,6943.0,-2.0,False,True,Afternoon,2025-03-28,12:45:00
Sell,6947.0,6949.0,-2.0,False,True,Afternoon,2025-03-28,12:50:00
Sell,6964.0,6966.0,-2.0,False,True,Afternoon,2025-03-28,12:55:00
Buy,6962.0,6960.0,-2.0,False,True,Afternoon,2025-03-28,13:00:00
Sell,6971.0,6973.0,-2.0,False,True,Afternoon,2025-03-28,13:05:00
Buy,6964.0,6962.0,-2.0,False,True,Afternoon,2025-03-28,13:10:00
Buy,6951.0,6949.0,-2.0,False,True,Afternoon,2025-03-28,13:15:00
Buy,6936.0,6960.0,24.0,True,False,Afternoon,2025-03-28,13:20:00
Sell,6962.0,6964.0,-2.0,False,True,Afternoon,2025-03-28,13:25:00
Buy,6959.0,6957.0,-2.0,False,True,Afternoon,2025-03-28,13:30:00
Sell,6962.0,6964.0,-2.0,False,True,Afternoon,2025-03-28,13:35:00
Buy,6947.0,6945.0,-2.0,False,True,Afternoon,2025-03-28,13:40:00
Sell,6954.0,6956.0,-2.0,False,True,Afternoon,2025-03-28,13:45:00
Buy,6941.0,6939.0,-2.0,False,True,Afternoon,2025-03-28,13:50:00
Buy,6936.0,6934.0,-2.0,False,True,Afternoon,2025-03-28,13:55:00
Buy,6932.0,6930.0,-2.0,False,True,Afternoon,2025-03-28,14:00:00
Sell,6936.0,6938.0,-2.0,False,True,Afternoon,2025-03-28,14:05:00
Buy,6929.0,6944.0,15.0,False,False,Afternoon,2025-03-28,14:10:00
Sell,6944.0,6946.0,-2.0,False,True,Afternoon,2025-03-28,14:15:00
Sell,6946.0,6948.0,-2.0,False,True,Afternoon,2025-03-28,14:20:00
Sell,6963.0,6958.0,5.0,False,False,Afternoon,2025-03-28,14:25:00
Buy,6957.0,6955.0,-2.0,False,True,Afternoon,2025-03-28,14:30:00
Buy,6943.0,6962.0,19.0,False,False,Afternoon,2025-03-28,14:35:00
Sell,6961.0,6963.0,-2.0,False,True,Afternoon,2025-03-28,14:40:00
Sell,6971.0,6962.0,9.0,False,False,Afternoon,2025-03-28,14:45:00
Buy,6962.0,6960.0,-2.0,False,True,Afternoon,2025-03-28,14:50:00
Buy,6956.0,6954.0,-2.0,False,True,Afternoon,2025-03-28,14:55:00
Sell,6964.0,6966.0,-2.0,False,True,Afternoon,2025-03-28,15:00:00
Sell,6972.0,6974.0,-2.0,False,True,Afternoon,2025-03-28,15:05:00
Sell,6987.0,6989.0,-2.0,False,True,Afternoon,2025-03-28,15:10:00
Sell,6988.0,6990.0,-2.0,False,True,Afternoon,2025-03-28,15:15:00
Sell,7002.0,7004.0,-2.0,False,True,Afternoon,2025-03-28,15:20:00
Buy,6658.0,6682.0,24.0,True,False,Morning,2025-03-31,09:05:00
Buy,6611.0,6635.0,24.0,True,False,Morning,2025-03-31,09:10:00
Buy,6585.0,6583.0,-2.0,False,True,Morning,2025-03-31,09:15:00
Buy,6545.0,6569.0,24.0,True,False,Morning,2025-03-31,09:20:00
Sell,6571.0,6547.0,24.0,True,False,Morning,2025-03-31,09:25:00
Sell,6593.0,6569.0,24.0,True,False,Morning,2025-03-31,09:30:00
Buy,6570.0,6594.0,24.0,True,False,Morning,2025-03-31,09:35:00
Sell,6595.0,6571.0,24.0,True,False,Morning,2025-03-31,09:40:00
Buy,6553.0,6551.0,-2.0,False,True,Morning,2025-03-31,09:45:00
,6555.0,,0.0,False,False,Morning,2025-03-31,09:50:00
Sell,6572.0,6574.0,-2.0,False,True,Morning,2025-03-31,09:55:00
Sell,6581.0,6583.0,-2.0,False,True,Morning,2025-03-31,10:00:00
Sell,6611.0,6613.0,-2.0,False,True,Morning,2025-03-31,10:05:00
Sell,6626.0,6628.0,-2.0,False,True,Morning,2025-03-31,10:10:00
Buy,6611.0,6609.0,-2.0,False,True,Morning,2025-03-31,10:15:00
Sell,6611.0,6613.0,-2.0,False,True,Morning,2025-03-31,10:20:00
Buy,6605.0,6603.0,-2.0,False,True,Morning,2025-03-31,10:25:00
Buy,6601.0,6599.0,-2.0,False,True,Morning,2025-03-31,10:30:00
Buy,6570.0,6568.0,-2.0,False,True,Morning,2025-03-31,10:35:00
Sell,6571.0,6573.0,-2.0,False,True,Morning,2025-03-31,10:40:00
Buy,6558.0,6556.0,-2.0,False,True,Morning,2025-03-31,10:45:00
Buy,6554.0,6552.0,-2.0,False,True,Morning,2025-03-31,10:50:00
Buy,6544.0,6542.0,-2.0,False,True,Morning,2025-03-31,10:55:00
Sell,6547.0,6523.0,24.0,True,False,Morning,2025-03-31,11:00:00
Buy,6527.0,6525.0,-2.0,False,True,Morning,2025-03-31,11:05:00
Buy,6511.0,6509.0,-2.0,False,True,Morning,2025-03-31,11:10:00
Buy,6509.0,6507.0,-2.0,False,True,Morning,2025-03-31,11:15:00
Buy,6498.0,6496.0,-2.0,False,True,Morning,2025-03-31,11:20:00
Sell,6511.0,6513.0,-2.0,False,True,Morning,2025-03-31,11:25:00
Sell,6520.0,6519.0,1.0,False,False,Morning,2025-03-31,11:30:00
Buy,6519.0,6543.0,24.0,True,False,Afternoon,2025-03-31,12:30:00
Sell,6528.0,6504.0,24.0,True,False,Afternoon,2025-03-31,12:35:00
Buy,6510.0,6508.0,-2.0,False,True,Afternoon,2025-03-31,12:40:00
Sell,6522.0,6524.0,-2.0,False,True,Afternoon,2025-03-31,12:45:00
Buy,6509.0,6507.0,-2.0,False,True,Afternoon,2025-03-31,12:50:00
Sell,6520.0,6522.0,-2.0,False,True,Afternoon,2025-03-31,12:55:00
Sell,6524.0,6526.0,-2.0,False,True,Afternoon,2025-03-31,13:00:00
Buy,6514.0,6512.0,-2.0,False,True,Afternoon,2025-03-31,13:05:00
Buy,6512.0,6510.0,-2.0,False,True,Afternoon,2025-03-31,13:10:00
Buy,6511.0,6509.0,-2.0,False,True,Afternoon,2025-03-31,13:15:00
Buy,6511.0,6509.0,-2.0,False,True,Afternoon,2025-03-31,13:20:00
Buy,6507.0,6505.0,-2.0,False,True,Afternoon,2025-03-31,13:25:00
Sell,6524.0,6526.0,-2.0,False,True,Afternoon,2025-03-31,13:30:00
Buy,6523.0,6527.0,4.0,False,False,Afternoon,2025-03-31,13:35:00
Sell,6527.0,6516.0,11.0,False,False,Afternoon,2025-03-31,13:40:00
Buy,6515.0,6513.0,-2.0,False,True,Afternoon,2025-03-31,13:45:00
Buy,6508.0,6506.0,-2.0,False,True,Afternoon,2025-03-31,13:50:00
Buy,6506.0,6504.0,-2.0,False,True,Afternoon,2025-03-31,13:55:00
Sell,6519.0,6521.0,-2.0,False,True,Afternoon,2025-03-31,14:00:00
Buy,6514.0,6512.0,-2.0,False,True,Afternoon,2025-03-31,14:05:00
Sell,6517.0,6519.0,-2.0,False,True,Afternoon,2025-03-31,14:10:00
Buy,6513.0,6511.0,-2.0,False,True,Afternoon,2025-03-31,14:15:00
Buy,6506.0,6504.0,-2.0,False,True,Afternoon,2025-03-31,14:20:00
Sell,6512.0,6514.0,-2.0,False,True,Afternoon,2025-03-31,14:25:00
Buy,6511.0,6509.0,-2.0,False,True,Afternoon,2025-03-31,14:30:00
Buy,6490.0,6488.0,-2.0,False,True,Afternoon,2025-03-31,14:35:00
Buy,6476.0,6474.0,-2.0,False,True,Afternoon,2025-03-31,14:40:00
Sell,6484.0,6482.0,2.0,False,False,Afternoon,2025-03-31,14:45:00
Buy,6481.0,6479.0,-2.0,False,True,Afternoon,2025-03-31,14:50:00
Buy,6480.0,6478.0,-2.0,False,True,Afternoon,2025-03-31,14:55:00
Sell,6481.0,6457.0,24.0,True,False,Afternoon,2025-03-31,15:00:00
Buy,6459.0,6457.0,-2.0,False,True,Afternoon,2025-03-31,15:05:00
Sell,6472.0,6474.0,-2.0,False,True,Afternoon,2025-03-31,15:10:00
Buy,6460.0,6484.0,24.0,True,False,Afternoon,2025-03-31,15:15:00
Sell,6478.0,6480.0,-2.0,False,True,Afternoon,2025-03-31,15:20:00
Buy,6451.0,6475.0,24.0,True,False,Morning,2025-04-01,09:05:00
Sell,6466.0,6442.0,24.0,True,False,Morning,2025-04-01,09:10:00
Buy,6423.0,6447.0,24.0,True,False,Morning,2025-04-01,09:15:00
Sell,6434.0,6410.0,24.0,True,False,Morning,2025-04-01,09:20:00
Buy,6403.0,6401.0,-2.0,False,True,Morning,2025-04-01,09:25:00
Buy,6400.0,6398.0,-2.0,False,True,Morning,2025-04-01,09:30:00
Buy,6333.0,6331.0,-2.0,False,True,Morning,2025-04-01,09:35:00
Buy,6308.0,6306.0,-2.0,False,True,Morning,2025-04-01,09:40:00
Buy,6290.0,6314.0,24.0,True,False,Morning,2025-04-01,09:45:00
Sell,6294.0,6296.0,-2.0,False,True,Morning,2025-04-01,09:50:00
Sell,6312.0,6314.0,-2.0,False,True,Morning,2025-04-01,09:55:00
Sell,6342.0,6318.0,24.0,True,False,Morning,2025-04-01,10:00:00
Buy,6315.0,6313.0,-2.0,False,True,Morning,2025-04-01,10:05:00
Sell,6328.0,6330.0,-2.0,False,True,Morning,2025-04-01,10:10:00
Sell,6347.0,6349.0,-2.0,False,True,Morning,2025-04-01,10:15:00
Sell,6351.0,6353.0,-2.0,False,True,Morning,2025-04-01,10:20:00
Sell,6376.0,6352.0,24.0,True,False,Morning,2025-04-01,10:25:00
Buy,6326.0,6350.0,24.0,True,False,Morning,2025-04-01,10:30:00
Buy,6323.0,6321.0,-2.0,False,True,Morning,2025-04-01,10:35:00
Buy,6312.0,6336.0,24.0,True,False,Morning,2025-04-01,10:40:00
Sell,6343.0,6345.0,-2.0,False,True,Morning,2025-04-01,10:45:00
Buy,6341.0,6339.0,-2.0,False,True,Morning,2025-04-01,10:50:00
Buy,6325.0,6349.0,24.0,True,False,Morning,2025-04-01,10:55:00
Sell,6328.0,6330.0,-2.0,False,True,Morning,2025-04-01,11:00:00
Buy,6314.0,6312.0,-2.0,False,True,Morning,2025-04-01,11:05:00
Buy,6290.0,6308.0,18.0,False,False,Morning,2025-04-01,11:10:00
Sell,6306.0,6308.0,-2.0,False,True,Morning,2025-04-01,11:15:00
Sell,6311.0,6313.0,-2.0,False,True,Morning,2025-04-01,11:20:00
Sell,6320.0,6322.0,-2.0,False,True,Morning,2025-04-01,11:25:00
Buy,6320.0,6320.0,0.0,False,False,Morning,2025-04-01,11:30:00
,6315.0,,0.0,False,False,Afternoon,2025-04-01,12:30:00
Buy,6287.0,6285.0,-2.0,False,True,Afternoon,2025-04-01,12:35:00
Buy,6276.0,6274.0,-2.0,False,True,Afternoon,2025-04-01,12:40:00
Buy,6263.0,6261.0,-2.0,False,True,Afternoon,2025-04-01,12:45:00
Sell,6266.0,6268.0,-2.0,False,True,Afternoon,2025-04-01,12:50:00
Buy,6262.0,6286.0,24.0,True,False,Afternoon,2025-04-01,12:55:00
Sell,6268.0,6244.0,24.0,True,False,Afternoon,2025-04-01,13:00:00
Buy,6240.0,6238.0,-2.0,False,True,Afternoon,2025-04-01,13:05:00
Buy,6237.0,6235.0,-2.0,False,True,Afternoon,2025-04-01,13:10:00
Sell,6239.0,6241.0,-2.0,False,True,Afternoon,2025-04-01,13:15:00
Sell,6244.0,6246.0,-2.0,False,True,Afternoon,2025-04-01,13:20:00
Sell,6255.0,6257.0,-2.0,False,True,Afternoon,2025-04-01,13:25:00
Buy,6251.0,6249.0,-2.0,False,True,Afternoon,2025-04-01,13:30:00
Sell,6257.0,6259.0,-2.0,False,True,Afternoon,2025-04-01,13:35:00
Buy,6250.0,6248.0,-2.0,False,True,Afternoon,2025-04-01,13:40:00
Sell,6256.0,6248.0,8.0,False,False,Afternoon,2025-04-01,13:45:00
Buy,6249.0,6247.0,-2.0,False,True,Afternoon,2025-04-01,13:50:00
Buy,6242.0,6240.0,-2.0,False,True,Afternoon,2025-04-01,13:55:00
Buy,6235.0,6233.0,-2.0,False,True,Afternoon,2025-04-01,14:00:00
Sell,6252.0,6254.0,-2.0,False,True,Afternoon,2025-04-01,14:05:00
Buy,6241.0,6265.0,24.0,True,False,Afternoon,2025-04-01,14:10:00
Sell,6265.0,6267.0,-2.0,False,True,Afternoon,2025-04-01,14:15:00
Sell,6300.0,6302.0,-2.0,False,True,Afternoon,2025-04-01,14:20:00
Sell,6301.0,6287.0,14.0,False,False,Afternoon,2025-04-01,14:25:00
Buy,6287.0,6285.0,-2.0,False,True,Afternoon,2025-04-01,14:30:00
Buy,6277.0,6275.0,-2.0,False,True,Afternoon,2025-04-01,14:35:00
Buy,6265.0,6263.0,-2.0,False,True,Afternoon,2025-04-01,14:40:00
Buy,6251.0,6249.0,-2.0,False,True,Afternoon,2025-04-01,14:45:00
Buy,6248.0,6270.0,22.0,False,False,Afternoon,2025-04-01,14:50:00
Sell,6270.0,6272.0,-2.0,False,True,Afternoon,2025-04-01,14:55:00
Buy,6253.0,6261.0,8.0,False,False,Afternoon,2025-04-01,15:00:00
Sell,6259.0,6261.0,-2.0,False,True,Afternoon,2025-04-01,15:05:00
Sell,6270.0,6272.0,-2.0,False,True,Afternoon,2025-04-01,15:10:00
,6270.0,,0.0,False,False,Afternoon,2025-04-01,15:15:00
Sell,6277.0,6279.0,-2.0,False,True,Afternoon,2025-04-01,15:20:00
Buy,6342.0,6366.0,24.0,True,False,Morning,2025-04-02,09:05:00
Sell,6346.0,6322.0,24.0,True,False,Morning,2025-04-02,09:10:00
Buy,6326.0,6324.0,-2.0,False,True,Morning,2025-04-02,09:15:00
Buy,6295.0,6293.0,-2.0,False,True,Morning,2025-04-02,09:20:00
Sell,6312.0,6314.0,-2.0,False,True,Morning,2025-04-02,09:25:00
Sell,6338.0,6340.0,-2.0,False,True,Morning,2025-04-02,09:30:00
Sell,6340.0,6342.0,-2.0,False,True,Morning,2025-04-02,09:35:00
Sell,6372.0,6374.0,-2.0,False,True,Morning,2025-04-02,09:40:00
Sell,6413.0,6415.0,-2.0,False,True,Morning,2025-04-02,09:45:00
Buy,6395.0,6393.0,-2.0,False,True,Morning,2025-04-02,09:50:00
Buy,6361.0,6385.0,24.0,True,False,Morning,2025-04-02,09:55:00
Sell,6380.0,6382.0,-2.0,False,True,Morning,2025-04-02,10:00:00
Buy,6370.0,6368.0,-2.0,False,True,Morning,2025-04-02,10:05:00
Buy,6361.0,6359.0,-2.0,False,True,Morning,2025-04-02,10:10:00
Buy,6352.0,6376.0,24.0,True,False,Morning,2025-04-02,10:15:00
Sell,6370.0,6372.0,-2.0,False,True,Morning,2025-04-02,10:20:00
Buy,6367.0,6373.0,6.0,False,False,Morning,2025-04-02,10:25:00
Sell,6373.0,6375.0,-2.0,False,True,Morning,2025-04-02,10:30:00
Buy,6369.0,6367.0,-2.0,False,True,Morning,2025-04-02,10:35:00
Buy,6365.0,6389.0,24.0,True,False,Morning,2025-04-02,10:40:00
Sell,6387.0,6363.0,24.0,True,False,Morning,2025-04-02,10:45:00
Buy,6345.0,6343.0,-2.0,False,True,Morning,2025-04-02,10:50:00
Sell,6353.0,6344.0,9.0,False,False,Morning,2025-04-02,10:55:00
Buy,6344.0,6342.0,-2.0,False,True,Morning,2025-04-02,11:00:00
Buy,6317.0,6315.0,-2.0,False,True,Morning,2025-04-02,11:05:00
Sell,6330.0,6332.0,-2.0,False,True,Morning,2025-04-02,11:10:00
Sell,6334.0,6336.0,-2.0,False,True,Morning,2025-04-02,11:15:00
Sell,6340.0,6340.0,0.0,False,False,Morning,2025-04-02,11:20:00
,6339.0,,0.0,False,False,Morning,2025-04-02,11:25:00
Sell,6363.0,6363.0,0.0,False,False,Morning,2025-04-02,11:30:00
,6349.0,,0.0,False,False,Afternoon,2025-04-02,12:30:00
Buy,6320.0,6318.0,-2.0,False,True,Afternoon,2025-04-02,12:35:00
Buy,6317.0,6315.0,-2.0,False,True,Afternoon,2025-04-02,12:40:00
Sell,6322.0,6324.0,-2.0,False,True,Afternoon,2025-04-02,12:45:00
Sell,6335.0,6337.0,-2.0,False,True,Afternoon,2025-04-02,12:50:00
Sell,6346.0,6348.0,-2.0,False,True,Afternoon,2025-04-02,12:55:00
Buy,6336.0,6346.0,10.0,False,False,Afternoon,2025-04-02,13:00:00
Sell,6345.0,6347.0,-2.0,False,True,Afternoon,2025-04-02,13:05:00
,6346.0,,0.0,False,False,Afternoon,2025-04-02,13:10:00
Sell,6356.0,6358.0,-2.0,False,True,Afternoon,2025-04-02,13:15:00
Sell,6382.0,6384.0,-2.0,False,True,Afternoon,2025-04-02,13:20:00
Sell,6389.0,6391.0,-2.0,False,True,Afternoon,2025-04-02,13:25:00
Sell,6413.0,6415.0,-2.0,False,True,Afternoon,2025-04-02,13:30:00
Sell,6421.0,6423.0,-2.0,False,True,Afternoon,2025-04-02,13:35:00
Buy,6415.0,6413.0,-2.0,False,True,Afternoon,2025-04-02,13:40:00
Buy,6406.0,6404.0,-2.0,False,True,Afternoon,2025-04-02,13:45:00
,6406.0,,0.0,False,False,Afternoon,2025-04-02,13:50:00
Sell,6420.0,6422.0,-2.0,False,True,Afternoon,2025-04-02,13:55:00
Sell,6450.0,6452.0,-2.0,False,True,Afternoon,2025-04-02,14:00:00
Sell,6454.0,6456.0,-2.0,False,True,Afternoon,2025-04-02,14:05:00
Buy,6444.0,6468.0,24.0,True,False,Afternoon,2025-04-02,14:10:00
Sell,6465.0,6467.0,-2.0,False,True,Afternoon,2025-04-02,14:15:00
Sell,6468.0,6444.0,24.0,True,False,Afternoon,2025-04-02,14:20:00
Buy,6442.0,6440.0,-2.0,False,True,Afternoon,2025-04-02,14:25:00
Sell,6453.0,6455.0,-2.0,False,True,Afternoon,2025-04-02,14:30:00
Sell,6463.0,6465.0,-2.0,False,True,Afternoon,2025-04-02,14:35:00
Sell,6484.0,6471.0,13.0,False,False,Afternoon,2025-04-02,14:40:00
Buy,6471.0,6469.0,-2.0,False,True,Afternoon,2025-04-02,14:45:00
Buy,6468.0,6466.0,-2.0,False,True,Afternoon,2025-04-02,14:50:00
Buy,6443.0,6441.0,-2.0,False,True,Afternoon,2025-04-02,14:55:00
Buy,6428.0,6426.0,-2.0,False,True,Afternoon,2025-04-02,15:00:00
Sell,6435.0,6437.0,-2.0,False,True,Afternoon,2025-04-02,15:05:00
Buy,6431.0,6429.0,-2.0,False,True,Afternoon,2025-04-02,15:10:00
Buy,6419.0,6428.0,9.0,False,False,Afternoon,2025-04-02,15:15:00
Sell,6429.0,6431.0,-2.0,False,True,Afternoon,2025-04-02,15:20:00
Sell,6043.0,6045.0,-2.0,False,True,Morning,2025-04-03,09:10:00
Sell,6123.0,6099.0,24.0,True,False,Morning,2025-04-03,09:15:00
Buy,6118.0,6142.0,24.0,True,False,Morning,2025-04-03,09:20:00
Sell,6172.0,6148.0,24.0,True,False,Morning,2025-04-03,09:25:00
Buy,6158.0,6182.0,24.0,True,False,Morning,2025-04-03,09:30:00
Sell,6191.0,6193.0,-2.0,False,True,Morning,2025-04-03,09:35:00
Sell,6220.0,6196.0,24.0,True,False,Morning,2025-04-03,09:40:00
Buy,6180.0,6204.0,24.0,True,False,Morning,2025-04-03,09:45:00
Sell,6196.0,6172.0,24.0,True,False,Morning,2025-04-03,09:50:00
Buy,6141.0,6139.0,-2.0,False,True,Morning,2025-04-03,09:55:00
Buy,6124.0,6122.0,-2.0,False,True,Morning,2025-04-03,10:00:00
Buy,6122.0,6146.0,24.0,True,False,Morning,2025-04-03,10:05:00
Sell,6164.0,6166.0,-2.0,False,True,Morning,2025-04-03,10:10:00
Sell,6196.0,6172.0,24.0,True,False,Morning,2025-04-03,10:15:00
Buy,6162.0,6160.0,-2.0,False,True,Morning,2025-04-03,10:20:00
Sell,6165.0,6141.0,24.0,True,False,Morning,2025-04-03,10:25:00
Buy,6123.0,6147.0,24.0,True,False,Morning,2025-04-03,10:30:00
Sell,6128.0,6130.0,-2.0,False,True,Morning,2025-04-03,10:35:00
Sell,6174.0,6176.0,-2.0,False,True,Morning,2025-04-03,10:40:00
Sell,6195.0,6197.0,-2.0,False,True,Morning,2025-04-03,10:45:00
Sell,6207.0,6209.0,-2.0,False,True,Morning,2025-04-03,10:50:00
Sell,6210.0,6212.0,-2.0,False,True,Morning,2025-04-03,10:55:00
Buy,6206.0,6230.0,24.0,True,False,Morning,2025-04-03,11:00:00
Sell,6234.0,6210.0,24.0,True,False,Morning,2025-04-03,11:05:00
Buy,6224.0,6222.0,-2.0,False,True,Morning,2025-04-03,11:10:00
Buy,6218.0,6216.0,-2.0,False,True,Morning,2025-04-03,11:15:00
Buy,6198.0,6222.0,24.0,True,False,Morning,2025-04-03,11:20:00
Sell,6229.0,6231.0,-2.0,False,True,Morning,2025-04-03,11:25:00
Sell,6233.0,6231.0,2.0,False,False,Morning,2025-04-03,11:30:00
Buy,6209.0,6207.0,-2.0,False,True,Afternoon,2025-04-03,12:30:00
Buy,6175.0,6173.0,-2.0,False,True,Afternoon,2025-04-03,12:35:00
Buy,6142.0,6140.0,-2.0,False,True,Afternoon,2025-04-03,12:40:00
Buy,6135.0,6133.0,-2.0,False,True,Afternoon,2025-04-03,12:45:00
Buy,6117.0,6115.0,-2.0,False,True,Afternoon,2025-04-03,12:50:00
Buy,6118.0,6142.0,24.0,True,False,Afternoon,2025-04-03,12:55:00
Sell,6161.0,6163.0,-2.0,False,True,Afternoon,2025-04-03,13:00:00
Buy,6152.0,6150.0,-2.0,False,True,Afternoon,2025-04-03,13:05:00
Sell,6159.0,6161.0,-2.0,False,True,Afternoon,2025-04-03,13:10:00
Buy,6156.0,6154.0,-2.0,False,True,Afternoon,2025-04-03,13:15:00
Buy,6136.0,6134.0,-2.0,False,True,Afternoon,2025-04-03,13:20:00
Sell,6135.0,6137.0,-2.0,False,True,Afternoon,2025-04-03,13:25:00
Sell,6136.0,6138.0,-2.0,False,True,Afternoon,2025-04-03,13:30:00
Sell,6154.0,6156.0,-2.0,False,True,Afternoon,2025-04-03,13:35:00
Sell,6154.0,6156.0,-2.0,False,True,Afternoon,2025-04-03,13:40:00
Buy,6153.0,6151.0,-2.0,False,True,Afternoon,2025-04-03,13:45:00
Sell,6159.0,6161.0,-2.0,False,True,Afternoon,2025-04-03,13:50:00
Buy,6149.0,6147.0,-2.0,False,True,Afternoon,2025-04-03,13:55:00
Sell,6158.0,6160.0,-2.0,False,True,Afternoon,2025-04-03,14:00:00
Buy,6149.0,6147.0,-2.0,False,True,Afternoon,2025-04-03,14:05:00
Sell,6153.0,6155.0,-2.0,False,True,Afternoon,2025-04-03,14:10:00
Sell,6159.0,6161.0,-2.0,False,True,Afternoon,2025-04-03,14:15:00
Buy,6138.0,6136.0,-2.0,False,True,Afternoon,2025-04-03,14:20:00
Sell,6146.0,6148.0,-2.0,False,True,Afternoon,2025-04-03,14:25:00
Buy,6144.0,6142.0,-2.0,False,True,Afternoon,2025-04-03,14:30:00
Buy,6123.0,6137.0,14.0,False,False,Afternoon,2025-04-03,14:35:00
Sell,6137.0,6139.0,-2.0,False,True,Afternoon,2025-04-03,14:40:00
Sell,6143.0,6145.0,-2.0,False,True,Afternoon,2025-04-03,14:45:00
Buy,6137.0,6135.0,-2.0,False,True,Afternoon,2025-04-03,14:50:00
Buy,6111.0,6109.0,-2.0,False,True,Afternoon,2025-04-03,14:55:00
Buy,6099.0,6109.0,10.0,False,False,Afternoon,2025-04-03,15:00:00
Sell,6108.0,6110.0,-2.0,False,True,Afternoon,2025-04-03,15:05:00
Buy,6106.0,6104.0,-2.0,False,True,Afternoon,2025-04-03,15:10:00
Sell,6117.0,6119.0,-2.0,False,True,Afternoon,2025-04-03,15:15:00
Sell,6124.0,6126.0,-2.0,False,True,Afternoon,2025-04-03,15:20:00
Sell,5860.0,5861.0,-1.0,False,False,Morning,2025-04-04,09:00:00
Sell,5861.0,5837.0,24.0,True,False,Morning,2025-04-04,09:05:00
Buy,5782.0,5780.0,-2.0,False,True,Morning,2025-04-04,09:10:00
Buy,5717.0,5715.0,-2.0,False,True,Morning,2025-04-04,09:15:00
Buy,5688.0,5686.0,-2.0,False,True,Morning,2025-04-04,09:20:00
Buy,5611.0,5635.0,24.0,True,False,Morning,2025-04-04,09:25:00
Sell,5625.0,5601.0,24.0,True,False,Morning,2025-04-04,09:30:00
Buy,5548.0,5572.0,24.0,True,False,Morning,2025-04-04,09:35:00
Buy,5506.0,5504.0,-2.0,False,True,Morning,2025-04-04,09:40:00
Buy,5453.0,5477.0,24.0,True,False,Morning,2025-04-04,09:45:00
Sell,5477.0,5479.0,-2.0,False,True,Morning,2025-04-04,09:50:00
Sell,5536.0,5538.0,-2.0,False,True,Morning,2025-04-04,09:55:00
Sell,5572.0,5574.0,-2.0,False,True,Morning,2025-04-04,10:00:00
Sell,5607.0,5583.0,24.0,True,False,Morning,2025-04-04,10:05:00
Sell,5639.0,5615.0,24.0,True,False,Morning,2025-04-04,10:10:00
Buy,5581.0,5579.0,-2.0,False,True,Morning,2025-04-04,10:15:00
Buy,5548.0,5572.0,24.0,True,False,Morning,2025-04-04,10:20:00
Sell,5621.0,5623.0,-2.0,False,True,Morning,2025-04-04,10:25:00
Buy,5612.0,5610.0,-2.0,False,True,Morning,2025-04-04,10:30:00
Buy,5610.0,5608.0,-2.0,False,True,Morning,2025-04-04,10:35:00
Buy,5593.0,5617.0,24.0,True,False,Morning,2025-04-04,10:40:00
Sell,5608.0,5610.0,-2.0,False,True,Morning,2025-04-04,10:45:00
Sell,5616.0,5618.0,-2.0,False,True,Morning,2025-04-04,10:50:00
Buy,5608.0,5632.0,24.0,True,False,Morning,2025-04-04,10:55:00
Sell,5647.0,5649.0,-2.0,False,True,Morning,2025-04-04,11:00:00
Sell,5680.0,5682.0,-2.0,False,True,Morning,2025-04-04,11:05:00
Sell,5688.0,5664.0,24.0,True,False,Morning,2025-04-04,11:10:00
Sell,5691.0,5667.0,24.0,True,False,Morning,2025-04-04,11:15:00
Buy,5663.0,5661.0,-2.0,False,True,Morning,2025-04-04,11:20:00
Buy,5655.0,5653.0,-2.0,False,True,Morning,2025-04-04,11:25:00
Buy,5639.0,5637.0,-2.0,False,True,Morning,2025-04-04,11:30:00
Buy,5583.0,5581.0,-2.0,False,True,Afternoon,2025-04-04,12:30:00
Buy,5537.0,5535.0,-2.0,False,True,Afternoon,2025-04-04,12:35:00
Buy,5522.0,5520.0,-2.0,False,True,Afternoon,2025-04-04,12:40:00
Buy,5513.0,5537.0,24.0,True,False,Afternoon,2025-04-04,12:45:00
Sell,5528.0,5530.0,-2.0,False,True,Afternoon,2025-04-04,12:50:00
Sell,5549.0,5551.0,-2.0,False,True,Afternoon,2025-04-04,12:55:00
Sell,5551.0,5553.0,-2.0,False,True,Afternoon,2025-04-04,13:00:00
Buy,5549.0,5573.0,24.0,True,False,Afternoon,2025-04-04,13:05:00
Sell,5576.0,5578.0,-2.0,False,True,Afternoon,2025-04-04,13:10:00
Buy,5564.0,5562.0,-2.0,False,True,Afternoon,2025-04-04,13:15:00
Buy,5549.0,5547.0,-2.0,False,True,Afternoon,2025-04-04,13:20:00
Buy,5540.0,5564.0,24.0,True,False,Afternoon,2025-04-04,13:25:00
Sell,5567.0,5569.0,-2.0,False,True,Afternoon,2025-04-04,13:30:00
Buy,5547.0,5545.0,-2.0,False,True,Afternoon,2025-04-04,13:35:00
Buy,5536.0,5534.0,-2.0,False,True,Afternoon,2025-04-04,13:40:00
Buy,5518.0,5516.0,-2.0,False,True,Afternoon,2025-04-04,13:45:00
Buy,5516.0,5514.0,-2.0,False,True,Afternoon,2025-04-04,13:50:00
Buy,5481.0,5505.0,24.0,True,False,Afternoon,2025-04-04,13:55:00
Sell,5502.0,5504.0,-2.0,False,True,Afternoon,2025-04-04,14:00:00
Buy,5484.0,5508.0,24.0,True,False,Afternoon,2025-04-04,14:05:00
Sell,5511.0,5513.0,-2.0,False,True,Afternoon,2025-04-04,14:10:00
Sell,5514.0,5516.0,-2.0,False,True,Afternoon,2025-04-04,14:15:00
Sell,5541.0,5543.0,-2.0,False,True,Afternoon,2025-04-04,14:20:00
Buy,5540.0,5564.0,24.0,True,False,Afternoon,2025-04-04,14:25:00
Sell,5568.0,5570.0,-2.0,False,True,Afternoon,2025-04-04,14:30:00
Buy,5551.0,5549.0,-2.0,False,True,Afternoon,2025-04-04,14:35:00
,5551.0,,0.0,False,False,Afternoon,2025-04-04,14:40:00
Sell,5593.0,5595.0,-2.0,False,True,Afternoon,2025-04-04,14:45:00
Buy,5581.0,5605.0,24.0,True,False,Afternoon,2025-04-04,14:50:00
Sell,5609.0,5611.0,-2.0,False,True,Afternoon,2025-04-04,14:55:00
Sell,5613.0,5615.0,-2.0,False,True,Afternoon,2025-04-04,15:00:00
Sell,5631.0,5633.0,-2.0,False,True,Afternoon,2025-04-04,15:05:00
Sell,5658.0,5660.0,-2.0,False,True,Afternoon,2025-04-04,15:10:00
Sell,5689.0,5665.0,24.0,True,False,Afternoon,2025-04-04,15:15:00
Buy,5664.0,5662.0,-2.0,False,True,Afternoon,2025-04-04,15:20:00
Buy,4744.0,4768.0,24.0,True,False,Morning,2025-04-07,09:25:00
Sell,4936.0,4912.0,24.0,True,False,Morning,2025-04-07,09:30:00
Sell,4960.0,4936.0,24.0,True,False,Morning,2025-04-07,09:35:00
Buy,4894.0,4892.0,-2.0,False,True,Morning,2025-04-07,09:40:00
Buy,4805.0,4829.0,24.0,True,False,Morning,2025-04-07,09:45:00
Sell,4862.0,4838.0,24.0,True,False,Morning,2025-04-07,09:50:00
Sell,4927.0,4929.0,-2.0,False,True,Morning,2025-04-07,09:55:00
Sell,4994.0,4996.0,-2.0,False,True,Morning,2025-04-07,10:00:00
Sell,5022.0,4998.0,24.0,True,False,Morning,2025-04-07,10:05:00
Sell,5129.0,5131.0,-2.0,False,True,Morning,2025-04-07,10:10:00
Sell,5186.0,5162.0,24.0,True,False,Morning,2025-04-07,10:15:00
Buy,5159.0,5183.0,24.0,True,False,Morning,2025-04-07,10:20:00
Buy,5135.0,5159.0,24.0,True,False,Morning,2025-04-07,10:25:00
Buy,5101.0,5125.0,24.0,True,False,Morning,2025-04-07,10:30:00
Sell,5162.0,5138.0,24.0,True,False,Morning,2025-04-07,10:35:00
Buy,5110.0,5134.0,24.0,True,False,Morning,2025-04-07,10:40:00
Sell,5159.0,5161.0,-2.0,False,True,Morning,2025-04-07,10:45:00
,5160.0,,0.0,False,False,Morning,2025-04-07,10:50:00
Sell,5182.0,5184.0,-2.0,False,True,Morning,2025-04-07,10:55:00
Sell,5214.0,5190.0,24.0,True,False,Morning,2025-04-07,11:00:00
Sell,5224.0,5200.0,24.0,True,False,Morning,2025-04-07,11:05:00
Buy,5187.0,5185.0,-2.0,False,True,Morning,2025-04-07,11:10:00
Sell,5196.0,5198.0,-2.0,False,True,Morning,2025-04-07,11:15:00
Sell,5204.0,5180.0,24.0,True,False,Morning,2025-04-07,11:20:00
Buy,5167.0,5165.0,-2.0,False,True,Morning,2025-04-07,11:25:00
Buy,5126.0,5124.0,-2.0,False,True,Morning,2025-04-07,11:30:00
Buy,5100.0,5098.0,-2.0,False,True,Afternoon,2025-04-07,12:30:00
Buy,5080.0,5104.0,24.0,True,False,Afternoon,2025-04-07,12:35:00
Sell,5141.0,5143.0,-2.0,False,True,Afternoon,2025-04-07,12:40:00
Buy,5137.0,5161.0,24.0,True,False,Afternoon,2025-04-07,12:45:00
Sell,5168.0,5170.0,-2.0,False,True,Afternoon,2025-04-07,12:50:00
Sell,5187.0,5189.0,-2.0,False,True,Afternoon,2025-04-07,12:55:00
Sell,5190.0,5192.0,-2.0,False,True,Afternoon,2025-04-07,13:00:00
Sell,5216.0,5218.0,-2.0,False,True,Afternoon,2025-04-07,13:05:00
Buy,5211.0,5209.0,-2.0,False,True,Afternoon,2025-04-07,13:10:00
Sell,5215.0,5217.0,-2.0,False,True,Afternoon,2025-04-07,13:15:00
Buy,5213.0,5237.0,24.0,True,False,Afternoon,2025-04-07,13:20:00
Buy,5209.0,5207.0,-2.0,False,True,Afternoon,2025-04-07,13:25:00
Buy,5191.0,5189.0,-2.0,False,True,Afternoon,2025-04-07,13:30:00
Sell,5208.0,5184.0,24.0,True,False,Afternoon,2025-04-07,13:35:00
Buy,5158.0,5156.0,-2.0,False,True,Afternoon,2025-04-07,13:40:00
Buy,5113.0,5137.0,24.0,True,False,Afternoon,2025-04-07,13:45:00
Sell,5193.0,5195.0,-2.0,False,True,Afternoon,2025-04-07,13:50:00
Buy,5176.0,5174.0,-2.0,False,True,Afternoon,2025-04-07,13:55:00
Buy,5156.0,5180.0,24.0,True,False,Afternoon,2025-04-07,14:00:00
Sell,5166.0,5168.0,-2.0,False,True,Afternoon,2025-04-07,14:05:00
Sell,5181.0,5183.0,-2.0,False,True,Afternoon,2025-04-07,14:10:00
Sell,5191.0,5193.0,-2.0,False,True,Afternoon,2025-04-07,14:15:00
Sell,5209.0,5185.0,24.0,True,False,Afternoon,2025-04-07,14:20:00
Buy,5178.0,5176.0,-2.0,False,True,Afternoon,2025-04-07,14:25:00
Buy,5167.0,5165.0,-2.0,False,True,Afternoon,2025-04-07,14:30:00
Buy,5158.0,5156.0,-2.0,False,True,Afternoon,2025-04-07,14:35:00
Buy,5153.0,5151.0,-2.0,False,True,Afternoon,2025-04-07,14:40:00
Buy,5148.0,5172.0,24.0,True,False,Afternoon,2025-04-07,14:45:00
Buy,5132.0,5130.0,-2.0,False,True,Afternoon,2025-04-07,14:50:00
Buy,5123.0,5121.0,-2.0,False,True,Afternoon,2025-04-07,14:55:00
Sell,5131.0,5133.0,-2.0,False,True,Afternoon,2025-04-07,15:00:00
Sell,5160.0,5136.0,24.0,True,False,Afternoon,2025-04-07,15:05:00
Buy,5115.0,5113.0,-2.0,False,True,Afternoon,2025-04-07,15:10:00
Buy,5109.0,5107.0,-2.0,False,True,Afternoon,2025-04-07,15:15:00
Buy,5023.0,5047.0,24.0,True,False,Afternoon,2025-04-07,15:20:00
Sell,5634.0,5610.0,24.0,True,False,Morning,2025-04-08,09:15:00
Buy,5600.0,5624.0,24.0,True,False,Morning,2025-04-08,09:20:00
Buy,5577.0,5601.0,24.0,True,False,Morning,2025-04-08,09:25:00
Sell,5630.0,5606.0,24.0,True,False,Morning,2025-04-08,09:30:00
Buy,5560.0,5584.0,24.0,True,False,Morning,2025-04-08,09:35:00
Sell,5583.0,5585.0,-2.0,False,True,Morning,2025-04-08,09:40:00
Sell,5616.0,5592.0,24.0,True,False,Morning,2025-04-08,09:45:00
Sell,5624.0,5600.0,24.0,True,False,Morning,2025-04-08,09:50:00
,5623.0,,0.0,False,False,Morning,2025-04-08,09:55:00
Buy,5534.0,5558.0,24.0,True,False,Morning,2025-04-08,10:00:00
Sell,5544.0,5520.0,24.0,True,False,Morning,2025-04-08,10:05:00
Buy,5542.0,5566.0,24.0,True,False,Morning,2025-04-08,10:10:00
Sell,5574.0,5550.0,24.0,True,False,Morning,2025-04-08,10:15:00
Buy,5545.0,5569.0,24.0,True,False,Morning,2025-04-08,10:20:00
Sell,5571.0,5573.0,-2.0,False,True,Morning,2025-04-08,10:25:00
Sell,5573.0,5575.0,-2.0,False,True,Morning,2025-04-08,10:30:00
Buy,5570.0,5594.0,24.0,True,False,Morning,2025-04-08,10:35:00
Sell,5621.0,5623.0,-2.0,False,True,Morning,2025-04-08,10:40:00
Sell,5630.0,5632.0,-2.0,False,True,Morning,2025-04-08,10:45:00
Sell,5644.0,5620.0,24.0,True,False,Morning,2025-04-08,10:50:00
Buy,5610.0,5627.0,17.0,False,False,Morning,2025-04-08,10:55:00
Sell,5626.0,5628.0,-2.0,False,True,Morning,2025-04-08,11:00:00
Buy,5621.0,5619.0,-2.0,False,True,Morning,2025-04-08,11:05:00
Buy,5614.0,5612.0,-2.0,False,True,Morning,2025-04-08,11:10:00
Sell,5620.0,5622.0,-2.0,False,True,Morning,2025-04-08,11:15:00
Buy,5615.0,5613.0,-2.0,False,True,Morning,2025-04-08,11:20:00
Buy,5606.0,5604.0,-2.0,False,True,Morning,2025-04-08,11:25:00
Buy,5595.0,5595.0,0.0,False,False,Morning,2025-04-08,11:30:00
,5575.0,,0.0,False,False,Afternoon,2025-04-08,12:30:00
Buy,5528.0,5526.0,-2.0,False,True,Afternoon,2025-04-08,12:35:00
Buy,5502.0,5526.0,24.0,True,False,Afternoon,2025-04-08,12:40:00
Sell,5505.0,5481.0,24.0,True,False,Afternoon,2025-04-08,12:45:00
Buy,5481.0,5479.0,-2.0,False,True,Afternoon,2025-04-08,12:50:00
Buy,5477.0,5475.0,-2.0,False,True,Afternoon,2025-04-08,12:55:00
Buy,5476.0,5500.0,24.0,True,False,Afternoon,2025-04-08,13:00:00
Sell,5510.0,5512.0,-2.0,False,True,Afternoon,2025-04-08,13:05:00
Sell,5513.0,5515.0,-2.0,False,True,Afternoon,2025-04-08,13:10:00
Sell,5549.0,5525.0,24.0,True,False,Afternoon,2025-04-08,13:15:00
Buy,5527.0,5525.0,-2.0,False,True,Afternoon,2025-04-08,13:20:00
Buy,5514.0,5538.0,24.0,True,False,Afternoon,2025-04-08,13:25:00
Sell,5523.0,5499.0,24.0,True,False,Afternoon,2025-04-08,13:30:00
Buy,5489.0,5487.0,-2.0,False,True,Afternoon,2025-04-08,13:35:00
Sell,5504.0,5506.0,-2.0,False,True,Afternoon,2025-04-08,13:40:00
Buy,5493.0,5491.0,-2.0,False,True,Afternoon,2025-04-08,13:45:00
Sell,5509.0,5511.0,-2.0,False,True,Afternoon,2025-04-08,13:50:00
Sell,5539.0,5541.0,-2.0,False,True,Afternoon,2025-04-08,13:55:00
Sell,5555.0,5557.0,-2.0,False,True,Afternoon,2025-04-08,14:00:00
Buy,5545.0,5543.0,-2.0,False,True,Afternoon,2025-04-08,14:05:00
Buy,5543.0,5541.0,-2.0,False,True,Afternoon,2025-04-08,14:10:00
,5544.0,,0.0,False,False,Afternoon,2025-04-08,14:15:00
Buy,5542.0,5540.0,-2.0,False,True,Afternoon,2025-04-08,14:20:00
Sell,5563.0,5555.0,8.0,False,False,Afternoon,2025-04-08,14:25:00
Buy,5555.0,5579.0,24.0,True,False,Afternoon,2025-04-08,14:30:00
Sell,5583.0,5585.0,-2.0,False,True,Afternoon,2025-04-08,14:35:00
Sell,5603.0,5579.0,24.0,True,False,Afternoon,2025-04-08,14:40:00
Buy,5572.0,5570.0,-2.0,False,True,Afternoon,2025-04-08,14:45:00
Buy,5557.0,5581.0,24.0,True,False,Afternoon,2025-04-08,14:50:00
Sell,5580.0,5570.0,10.0,False,False,Afternoon,2025-04-08,14:55:00
Buy,5569.0,5567.0,-2.0,False,True,Afternoon,2025-04-08,15:00:00
Buy,5560.0,5558.0,-2.0,False,True,Afternoon,2025-04-08,15:05:00
Sell,5565.0,5567.0,-2.0,False,True,Afternoon,2025-04-08,15:10:00
Buy,5560.0,5575.0,15.0,False,False,Afternoon,2025-04-08,15:15:00
Sell,5574.0,5576.0,-2.0,False,True,Afternoon,2025-04-08,15:20:00
Sell,5235.0,5211.0,24.0,True,False,Morning,2025-04-09,09:05:00
Buy,5196.0,5220.0,24.0,True,False,Morning,2025-04-09,09:10:00
Sell,5207.0,5183.0,24.0,True,False,Morning,2025-04-09,09:15:00
Buy,5153.0,5151.0,-2.0,False,True,Morning,2025-04-09,09:20:00
Buy,5145.0,5143.0,-2.0,False,True,Morning,2025-04-09,09:25:00
Buy,5128.0,5152.0,24.0,True,False,Morning,2025-04-09,09:30:00
Sell,5143.0,5145.0,-2.0,False,True,Morning,2025-04-09,09:35:00
Sell,5160.0,5162.0,-2.0,False,True,Morning,2025-04-09,09:40:00
Sell,5200.0,5176.0,24.0,True,False,Morning,2025-04-09,09:45:00
Buy,5186.0,5184.0,-2.0,False,True,Morning,2025-04-09,09:50:00
Buy,5167.0,5165.0,-2.0,False,True,Morning,2025-04-09,09:55:00
Sell,5175.0,5177.0,-2.0,False,True,Morning,2025-04-09,10:00:00
Sell,5184.0,5160.0,24.0,True,False,Morning,2025-04-09,10:05:00
Buy,5167.0,5165.0,-2.0,False,True,Morning,2025-04-09,10:10:00
Buy,5158.0,5182.0,24.0,True,False,Morning,2025-04-09,10:15:00
Sell,5183.0,5159.0,24.0,True,False,Morning,2025-04-09,10:20:00
Buy,5155.0,5153.0,-2.0,False,True,Morning,2025-04-09,10:25:00
Sell,5164.0,5166.0,-2.0,False,True,Morning,2025-04-09,10:30:00
Sell,5178.0,5180.0,-2.0,False,True,Morning,2025-04-09,10:35:00
Sell,5196.0,5198.0,-2.0,False,True,Morning,2025-04-09,10:40:00
Sell,5200.0,5202.0,-2.0,False,True,Morning,2025-04-09,10:45:00
Sell,5225.0,5227.0,-2.0,False,True,Morning,2025-04-09,10:50:00
Sell,5226.0,5228.0,-2.0,False,True,Morning,2025-04-09,10:55:00
Sell,5248.0,5250.0,-2.0,False,True,Morning,2025-04-09,11:00:00
Buy,5242.0,5240.0,-2.0,False,True,Morning,2025-04-09,11:05:00
Buy,5220.0,5244.0,24.0,True,False,Morning,2025-04-09,11:10:00
Sell,5241.0,5243.0,-2.0,False,True,Morning,2025-04-09,11:15:00
Sell,5289.0,5265.0,24.0,True,False,Morning,2025-04-09,11:20:00
Buy,5274.0,5272.0,-2.0,False,True,Morning,2025-04-09,11:25:00
Buy,5261.0,5259.0,-2.0,False,True,Morning,2025-04-09,11:30:00
Buy,5155.0,5179.0,24.0,True,False,Afternoon,2025-04-09,12:30:00
Sell,5197.0,5173.0,24.0,True,False,Afternoon,2025-04-09,12:35:00
Buy,5155.0,5153.0,-2.0,False,True,Afternoon,2025-04-09,12:40:00
Buy,5154.0,5160.0,6.0,False,False,Afternoon,2025-04-09,12:45:00
Sell,5162.0,5164.0,-2.0,False,True,Afternoon,2025-04-09,12:50:00
Buy,5152.0,5150.0,-2.0,False,True,Afternoon,2025-04-09,12:55:00
Buy,5138.0,5162.0,24.0,True,False,Afternoon,2025-04-09,13:00:00
Buy,5132.0,5130.0,-2.0,False,True,Afternoon,2025-04-09,13:05:00
Buy,5088.0,5112.0,24.0,True,False,Afternoon,2025-04-09,13:10:00
Sell,5129.0,5105.0,24.0,True,False,Afternoon,2025-04-09,13:15:00
Buy,5103.0,5101.0,-2.0,False,True,Afternoon,2025-04-09,13:20:00
Buy,5072.0,5070.0,-2.0,False,True,Afternoon,2025-04-09,13:25:00
Buy,5062.0,5086.0,24.0,True,False,Afternoon,2025-04-09,13:30:00
Sell,5116.0,5092.0,24.0,True,False,Afternoon,2025-04-09,13:35:00
Buy,5090.0,5088.0,-2.0,False,True,Afternoon,2025-04-09,13:40:00
Sell,5101.0,5103.0,-2.0,False,True,Afternoon,2025-04-09,13:45:00
Sell,5127.0,5129.0,-2.0,False,True,Afternoon,2025-04-09,13:50:00
Buy,5090.0,5088.0,-2.0,False,True,Afternoon,2025-04-09,14:10:00
Buy,5084.0,5108.0,24.0,True,False,Afternoon,2025-04-09,14:15:00
Sell,5107.0,5109.0,-2.0,False,True,Afternoon,2025-04-09,14:20:00
Buy,5093.0,5091.0,-2.0,False,True,Afternoon,2025-04-09,14:25:00
Buy,5081.0,5079.0,-2.0,False,True,Afternoon,2025-04-09,14:30:00
Buy,5058.0,5082.0,24.0,True,False,Afternoon,2025-04-09,14:35:00
Sell,5080.0,5082.0,-2.0,False,True,Afternoon,2025-04-09,14:40:00
Sell,5113.0,5115.0,-2.0,False,True,Afternoon,2025-04-09,14:45:00
Buy,5108.0,5106.0,-2.0,False,True,Afternoon,2025-04-09,14:50:00
Sell,5122.0,5124.0,-2.0,False,True,Afternoon,2025-04-09,14:55:00
Sell,5134.0,5136.0,-2.0,False,True,Afternoon,2025-04-09,15:00:00
Sell,5162.0,5164.0,-2.0,False,True,Afternoon,2025-04-09,15:05:00
Sell,5180.0,5182.0,-2.0,False,True,Afternoon,2025-04-09,15:10:00
Sell,5211.0,5193.0,18.0,False,False,Afternoon,2025-04-09,15:15:00
Buy,5193.0,5191.0,-2.0,False,True,Afternoon,2025-04-09,15:20:00
,5990.0,,0.0,False,False,Morning,2025-04-10,09:20:00
Sell,6025.0,6001.0,24.0,True,False,Morning,2025-04-10,09:25:00
Sell,6075.0,6051.0,24.0,True,False,Morning,2025-04-10,09:30:00
Buy,6000.0,6024.0,24.0,True,False,Morning,2025-04-10,09:35:00
Sell,6036.0,6012.0,24.0,True,False,Morning,2025-04-10,09:40:00
Buy,5986.0,5984.0,-2.0,False,True,Morning,2025-04-10,09:45:00
Buy,5950.0,5974.0,24.0,True,False,Morning,2025-04-10,09:50:00
Sell,5980.0,5982.0,-2.0,False,True,Morning,2025-04-10,09:55:00
Buy,5970.0,5994.0,24.0,True,False,Morning,2025-04-10,10:00:00
Sell,5977.0,5979.0,-2.0,False,True,Morning,2025-04-10,10:05:00
Buy,5974.0,5972.0,-2.0,False,True,Morning,2025-04-10,10:10:00
Buy,5931.0,5929.0,-2.0,False,True,Morning,2025-04-10,10:15:00
Buy,5927.0,5925.0,-2.0,False,True,Morning,2025-04-10,10:20:00
Sell,5933.0,5909.0,24.0,True,False,Morning,2025-04-10,10:25:00
Buy,5875.0,5873.0,-2.0,False,True,Morning,2025-04-10,10:30:00
Buy,5860.0,5884.0,24.0,True,False,Morning,2025-04-10,10:35:00
Sell,5894.0,5896.0,-2.0,False,True,Morning,2025-04-10,10:40:00
Buy,5881.0,5905.0,24.0,True,False,Morning,2025-04-10,10:45:00
Sell,5899.0,5901.0,-2.0,False,True,Morning,2025-04-10,10:50:00
Sell,5919.0,5921.0,-2.0,False,True,Morning,2025-04-10,10:55:00
Buy,5911.0,5935.0,24.0,True,False,Morning,2025-04-10,11:00:00
Sell,5926.0,5902.0,24.0,True,False,Morning,2025-04-10,11:05:00
Buy,5886.0,5884.0,-2.0,False,True,Morning,2025-04-10,11:10:00
Sell,5906.0,5908.0,-2.0,False,True,Morning,2025-04-10,11:15:00
Sell,5920.0,5922.0,-2.0,False,True,Morning,2025-04-10,11:20:00
Sell,5935.0,5937.0,-2.0,False,True,Morning,2025-04-10,11:25:00
Buy,5919.0,5917.0,-2.0,False,True,Morning,2025-04-10,11:30:00
Buy,5907.0,5905.0,-2.0,False,True,Afternoon,2025-04-10,12:30:00
Buy,5860.0,5884.0,24.0,True,False,Afternoon,2025-04-10,12:35:00
Sell,5886.0,5888.0,-2.0,False,True,Afternoon,2025-04-10,12:40:00
Buy,5875.0,5899.0,24.0,True,False,Afternoon,2025-04-10,12:45:00
Buy,5875.0,5891.0,16.0,False,False,Afternoon,2025-04-10,12:50:00
Sell,5891.0,5893.0,-2.0,False,True,Afternoon,2025-04-10,12:55:00
Sell,5909.0,5911.0,-2.0,False,True,Afternoon,2025-04-10,13:00:00
Buy,5890.0,5888.0,-2.0,False,True,Afternoon,2025-04-10,13:05:00
Buy,5889.0,5887.0,-2.0,False,True,Afternoon,2025-04-10,13:10:00
Buy,5880.0,5878.0,-2.0,False,True,Afternoon,2025-04-10,13:15:00
Buy,5875.0,5873.0,-2.0,False,True,Afternoon,2025-04-10,13:20:00
,5875.0,,0.0,False,False,Afternoon,2025-04-10,13:25:00
Buy,5863.0,5861.0,-2.0,False,True,Afternoon,2025-04-10,13:30:00
Sell,5864.0,5866.0,-2.0,False,True,Afternoon,2025-04-10,13:35:00
Sell,5872.0,5874.0,-2.0,False,True,Afternoon,2025-04-10,13:40:00
Buy,5871.0,5869.0,-2.0,False,True,Afternoon,2025-04-10,13:45:00
Sell,5882.0,5884.0,-2.0,False,True,Afternoon,2025-04-10,13:50:00
Sell,5885.0,5887.0,-2.0,False,True,Afternoon,2025-04-10,13:55:00
Buy,5876.0,5874.0,-2.0,False,True,Afternoon,2025-04-10,14:00:00
Buy,5870.0,5868.0,-2.0,False,True,Afternoon,2025-04-10,14:05:00
Buy,5858.0,5856.0,-2.0,False,True,Afternoon,2025-04-10,14:10:00
Sell,5860.0,5836.0,24.0,True,False,Afternoon,2025-04-10,14:15:00
Buy,5839.0,5837.0,-2.0,False,True,Afternoon,2025-04-10,14:20:00
Buy,5830.0,5828.0,-2.0,False,True,Afternoon,2025-04-10,14:25:00
Buy,5819.0,5817.0,-2.0,False,True,Afternoon,2025-04-10,14:30:00
Buy,5812.0,5810.0,-2.0,False,True,Afternoon,2025-04-10,14:35:00
Sell,5814.0,5816.0,-2.0,False,True,Afternoon,2025-04-10,14:40:00
Sell,5831.0,5820.0,11.0,False,False,Afternoon,2025-04-10,14:45:00
Buy,5820.0,5818.0,-2.0,False,True,Afternoon,2025-04-10,14:50:00
Sell,5827.0,5829.0,-2.0,False,True,Afternoon,2025-04-10,14:55:00
Sell,5839.0,5841.0,-2.0,False,True,Afternoon,2025-04-10,15:00:00
Sell,5850.0,5852.0,-2.0,False,True,Afternoon,2025-04-10,15:05:00
Sell,5863.0,5865.0,-2.0,False,True,Afternoon,2025-04-10,15:10:00
Sell,5894.0,5896.0,-2.0,False,True,Afternoon,2025-04-10,15:15:00
Buy,5881.0,5879.0,-2.0,False,True,Afternoon,2025-04-10,15:20:00
Sell,5403.0,5379.0,24.0,True,False,Morning,2025-04-11,09:10:00
Sell,5452.0,5428.0,24.0,True,False,Morning,2025-04-11,09:15:00
Buy,5426.0,5450.0,24.0,True,False,Morning,2025-04-11,09:20:00
Sell,5461.0,5463.0,-2.0,False,True,Morning,2025-04-11,09:25:00
Buy,5460.0,5458.0,-2.0,False,True,Morning,2025-04-11,09:30:00
Buy,5435.0,5433.0,-2.0,False,True,Morning,2025-04-11,09:35:00
Buy,5430.0,5428.0,-2.0,False,True,Morning,2025-04-11,09:40:00
Buy,5411.0,5409.0,-2.0,False,True,Morning,2025-04-11,09:45:00
Buy,5402.0,5400.0,-2.0,False,True,Morning,2025-04-11,09:50:00
Buy,5385.0,5409.0,24.0,True,False,Morning,2025-04-11,09:55:00
Sell,5423.0,5399.0,24.0,True,False,Morning,2025-04-11,10:00:00
Buy,5405.0,5403.0,-2.0,False,True,Morning,2025-04-11,10:05:00
Sell,5419.0,5421.0,-2.0,False,True,Morning,2025-04-11,10:10:00
Sell,5442.0,5444.0,-2.0,False,True,Morning,2025-04-11,10:15:00
Sell,5451.0,5453.0,-2.0,False,True,Morning,2025-04-11,10:20:00
Buy,5444.0,5442.0,-2.0,False,True,Morning,2025-04-11,10:25:00
Buy,5433.0,5431.0,-2.0,False,True,Morning,2025-04-11,10:30:00
Sell,5446.0,5448.0,-2.0,False,True,Morning,2025-04-11,10:35:00
Sell,5459.0,5435.0,24.0,True,False,Morning,2025-04-11,10:40:00
Buy,5438.0,5436.0,-2.0,False,True,Morning,2025-04-11,10:45:00
Buy,5435.0,5433.0,-2.0,False,True,Morning,2025-04-11,10:50:00
Sell,5443.0,5445.0,-2.0,False,True,Morning,2025-04-11,10:55:00
Buy,5436.0,5434.0,-2.0,False,True,Morning,2025-04-11,11:00:00
Buy,5417.0,5415.0,-2.0,False,True,Morning,2025-04-11,11:05:00
Buy,5413.0,5411.0,-2.0,False,True,Morning,2025-04-11,11:10:00
Buy,5395.0,5393.0,-2.0,False,True,Morning,2025-04-11,11:15:00
Sell,5404.0,5406.0,-2.0,False,True,Morning,2025-04-11,11:20:00
Sell,5418.0,5420.0,-2.0,False,True,Morning,2025-04-11,11:25:00
Sell,5432.0,5434.0,-2.0,False,True,Morning,2025-04-11,11:30:00
Sell,5466.0,5468.0,-2.0,False,True,Afternoon,2025-04-11,12:30:00
Sell,5489.0,5491.0,-2.0,False,True,Afternoon,2025-04-11,12:35:00
Buy,5488.0,5486.0,-2.0,False,True,Afternoon,2025-04-11,12:40:00
Sell,5498.0,5500.0,-2.0,False,True,Afternoon,2025-04-11,12:45:00
Buy,5480.0,5504.0,24.0,True,False,Afternoon,2025-04-11,12:50:00
Sell,5504.0,5506.0,-2.0,False,True,Afternoon,2025-04-11,12:55:00
Buy,5497.0,5495.0,-2.0,False,True,Afternoon,2025-04-11,13:00:00
Buy,5478.0,5502.0,24.0,True,False,Afternoon,2025-04-11,13:05:00
Sell,5489.0,5491.0,-2.0,False,True,Afternoon,2025-04-11,13:10:00
Sell,5500.0,5497.0,3.0,False,False,Afternoon,2025-04-11,13:15:00
Buy,5496.0,5494.0,-2.0,False,True,Afternoon,2025-04-11,13:20:00
Buy,5487.0,5485.0,-2.0,False,True,Afternoon,2025-04-11,13:25:00
Buy,5479.0,5477.0,-2.0,False,True,Afternoon,2025-04-11,13:30:00
Buy,5474.0,5472.0,-2.0,False,True,Afternoon,2025-04-11,13:35:00
Buy,5459.0,5469.0,10.0,False,False,Afternoon,2025-04-11,13:40:00
Sell,5468.0,5457.0,11.0,False,False,Afternoon,2025-04-11,13:45:00
Buy,5457.0,5455.0,-2.0,False,True,Afternoon,2025-04-11,13:50:00
Buy,5449.0,5453.0,4.0,False,False,Afternoon,2025-04-11,13:55:00
Sell,5452.0,5454.0,-2.0,False,True,Afternoon,2025-04-11,14:00:00
Buy,5444.0,5442.0,-2.0,False,True,Afternoon,2025-04-11,14:05:00
Sell,5448.0,5450.0,-2.0,False,True,Afternoon,2025-04-11,14:10:00
Sell,5472.0,5474.0,-2.0,False,True,Afternoon,2025-04-11,14:15:00
Buy,5465.0,5463.0,-2.0,False,True,Afternoon,2025-04-11,14:20:00
Sell,5484.0,5486.0,-2.0,False,True,Afternoon,2025-04-11,14:25:00
Sell,5503.0,5505.0,-2.0,False,True,Afternoon,2025-04-11,14:30:00
Sell,5538.0,5540.0,-2.0,False,True,Afternoon,2025-04-11,14:35:00
,5537.0,,0.0,False,False,Afternoon,2025-04-11,14:40:00
Sell,5564.0,5566.0,-2.0,False,True,Afternoon,2025-04-11,14:45:00
Buy,5561.0,5585.0,24.0,True,False,Afternoon,2025-04-11,14:50:00
Sell,5593.0,5595.0,-2.0,False,True,Afternoon,2025-04-11,14:55:00
Buy,5584.0,5582.0,-2.0,False,True,Afternoon,2025-04-11,15:00:00
Buy,5576.0,5574.0,-2.0,False,True,Afternoon,2025-04-11,15:05:00
Sell,5585.0,5587.0,-2.0,False,True,Afternoon,2025-04-11,15:10:00
Buy,5581.0,5605.0,24.0,True,False,Afternoon,2025-04-11,15:15:00
Sell,5638.0,5640.0,-2.0,False,True,Afternoon,2025-04-11,15:20:00
Sell,5832.0,5808.0,24.0,True,False,Morning,2025-04-14,09:00:00
Sell,5892.0,5894.0,-2.0,False,True,Morning,2025-04-14,09:05:00
Sell,5951.0,5927.0,24.0,True,False,Morning,2025-04-14,09:10:00
Buy,5894.0,5918.0,24.0,True,False,Morning,2025-04-14,09:15:00
Sell,5918.0,5920.0,-2.0,False,True,Morning,2025-04-14,09:20:00
Buy,5912.0,5936.0,24.0,True,False,Morning,2025-04-14,09:25:00
Sell,5944.0,5946.0,-2.0,False,True,Morning,2025-04-14,09:30:00
Sell,5947.0,5923.0,24.0,True,False,Morning,2025-04-14,09:35:00
Buy,5915.0,5939.0,24.0,True,False,Morning,2025-04-14,09:40:00
Sell,5943.0,5919.0,24.0,True,False,Morning,2025-04-14,09:45:00
Buy,5908.0,5932.0,24.0,True,False,Morning,2025-04-14,09:50:00
Sell,5910.0,5886.0,24.0,True,False,Morning,2025-04-14,09:55:00
Buy,5876.0,5874.0,-2.0,False,True,Morning,2025-04-14,10:00:00
Buy,5874.0,5872.0,-2.0,False,True,Morning,2025-04-14,10:05:00
Buy,5871.0,5895.0,24.0,True,False,Morning,2025-04-14,10:10:00
Sell,5893.0,5869.0,24.0,True,False,Morning,2025-04-14,10:15:00
Buy,5876.0,5874.0,-2.0,False,True,Morning,2025-04-14,10:20:00
Buy,5836.0,5860.0,24.0,True,False,Morning,2025-04-14,10:25:00
Sell,5846.0,5848.0,-2.0,False,True,Morning,2025-04-14,10:30:00
Sell,5849.0,5851.0,-2.0,False,True,Morning,2025-04-14,10:35:00
Buy,5839.0,5837.0,-2.0,False,True,Morning,2025-04-14,10:40:00
Buy,5827.0,5825.0,-2.0,False,True,Morning,2025-04-14,10:45:00
Buy,5791.0,5789.0,-2.0,False,True,Morning,2025-04-14,10:50:00
Sell,5800.0,5802.0,-2.0,False,True,Morning,2025-04-14,10:55:00
Sell,5848.0,5850.0,-2.0,False,True,Morning,2025-04-14,11:00:00
Sell,5859.0,5835.0,24.0,True,False,Morning,2025-04-14,11:05:00
Buy,5821.0,5845.0,24.0,True,False,Morning,2025-04-14,11:10:00
Sell,5839.0,5841.0,-2.0,False,True,Morning,2025-04-14,11:15:00
Sell,5858.0,5851.0,7.0,False,False,Morning,2025-04-14,11:20:00
Buy,5852.0,5850.0,-2.0,False,True,Morning,2025-04-14,11:25:00
Sell,5862.0,5862.0,0.0,False,False,Morning,2025-04-14,11:30:00
,5900.0,,0.0,False,False,Afternoon,2025-04-14,12:30:00
Sell,5929.0,5931.0,-2.0,False,True,Afternoon,2025-04-14,12:35:00
Sell,5948.0,5950.0,-2.0,False,True,Afternoon,2025-04-14,12:40:00
Sell,5949.0,5925.0,24.0,True,False,Afternoon,2025-04-14,12:45:00
Buy,5921.0,5919.0,-2.0,False,True,Afternoon,2025-04-14,12:50:00
Buy,5914.0,5912.0,-2.0,False,True,Afternoon,2025-04-14,12:55:00
Sell,5918.0,5920.0,-2.0,False,True,Afternoon,2025-04-14,13:00:00
Sell,5943.0,5945.0,-2.0,False,True,Afternoon,2025-04-14,13:05:00
Sell,5946.0,5948.0,-2.0,False,True,Afternoon,2025-04-14,13:10:00
Buy,5936.0,5934.0,-2.0,False,True,Afternoon,2025-04-14,13:15:00
Sell,5945.0,5947.0,-2.0,False,True,Afternoon,2025-04-14,13:20:00
Sell,5960.0,5962.0,-2.0,False,True,Afternoon,2025-04-14,13:25:00
Sell,5976.0,5952.0,24.0,True,False,Afternoon,2025-04-14,13:30:00
Buy,5950.0,5948.0,-2.0,False,True,Afternoon,2025-04-14,13:35:00
Buy,5936.0,5934.0,-2.0,False,True,Afternoon,2025-04-14,13:40:00
Sell,5939.0,5941.0,-2.0,False,True,Afternoon,2025-04-14,13:45:00
Sell,5969.0,5971.0,-2.0,False,True,Afternoon,2025-04-14,13:50:00
Buy,5956.0,5967.0,11.0,False,False,Afternoon,2025-04-14,13:55:00
Sell,5967.0,5969.0,-2.0,False,True,Afternoon,2025-04-14,14:00:00
Buy,5965.0,5963.0,-2.0,False,True,Afternoon,2025-04-14,14:05:00
Sell,5970.0,5972.0,-2.0,False,True,Afternoon,2025-04-14,14:10:00
Sell,5974.0,5976.0,-2.0,False,True,Afternoon,2025-04-14,14:15:00
Buy,5964.0,5962.0,-2.0,False,True,Afternoon,2025-04-14,14:20:00
Buy,5957.0,5955.0,-2.0,False,True,Afternoon,2025-04-14,14:25:00
Buy,5950.0,5948.0,-2.0,False,True,Afternoon,2025-04-14,14:30:00
Buy,5949.0,5947.0,-2.0,False,True,Afternoon,2025-04-14,14:35:00
Buy,5927.0,5925.0,-2.0,False,True,Afternoon,2025-04-14,14:40:00
Sell,5937.0,5939.0,-2.0,False,True,Afternoon,2025-04-14,14:45:00
Buy,5934.0,5932.0,-2.0,False,True,Afternoon,2025-04-14,14:50:00
Sell,5947.0,5927.0,20.0,False,False,Afternoon,2025-04-14,14:55:00
Buy,5928.0,5926.0,-2.0,False,True,Afternoon,2025-04-14,15:00:00
Buy,5927.0,5925.0,-2.0,False,True,Afternoon,2025-04-14,15:05:00
Sell,5928.0,5930.0,-2.0,False,True,Afternoon,2025-04-14,15:10:00
Buy,5917.0,5915.0,-2.0,False,True,Afternoon,2025-04-14,15:15:00
Sell,5919.0,5895.0,24.0,True,False,Afternoon,2025-04-14,15:20:00
Buy,5914.0,5912.0,-2.0,False,True,Morning,2025-04-15,09:05:00
Buy,5888.0,5886.0,-2.0,False,True,Morning,2025-04-15,09:10:00
Buy,5865.0,5863.0,-2.0,False,True,Morning,2025-04-15,09:15:00
Buy,5846.0,5844.0,-2.0,False,True,Morning,2025-04-15,09:20:00
Sell,5857.0,5859.0,-2.0,False,True,Morning,2025-04-15,09:25:00
Sell,5868.0,5844.0,24.0,True,False,Morning,2025-04-15,09:30:00
Buy,5842.0,5840.0,-2.0,False,True,Morning,2025-04-15,09:35:00
Sell,5848.0,5850.0,-2.0,False,True,Morning,2025-04-15,09:40:00
Sell,5860.0,5862.0,-2.0,False,True,Morning,2025-04-15,09:45:00
Buy,5859.0,5857.0,-2.0,False,True,Morning,2025-04-15,09:50:00
Sell,5863.0,5865.0,-2.0,False,True,Morning,2025-04-15,09:55:00
Sell,5873.0,5875.0,-2.0,False,True,Morning,2025-04-15,10:00:00
Sell,5876.0,5858.0,18.0,False,False,Morning,2025-04-15,10:05:00
Buy,5858.0,5867.0,9.0,False,False,Morning,2025-04-15,10:10:00
Sell,5868.0,5870.0,-2.0,False,True,Morning,2025-04-15,10:15:00
Sell,5900.0,5876.0,24.0,True,False,Morning,2025-04-15,10:20:00
Buy,5887.0,5885.0,-2.0,False,True,Morning,2025-04-15,10:25:00
Sell,5892.0,5868.0,24.0,True,False,Morning,2025-04-15,10:30:00
Buy,5872.0,5870.0,-2.0,False,True,Morning,2025-04-15,10:35:00
Buy,5866.0,5864.0,-2.0,False,True,Morning,2025-04-15,10:40:00
Sell,5871.0,5865.0,6.0,False,False,Morning,2025-04-15,10:45:00
Buy,5865.0,5863.0,-2.0,False,True,Morning,2025-04-15,10:50:00
Buy,5854.0,5852.0,-2.0,False,True,Morning,2025-04-15,10:55:00
Sell,5867.0,5869.0,-2.0,False,True,Morning,2025-04-15,11:00:00
Sell,5888.0,5890.0,-2.0,False,True,Morning,2025-04-15,11:05:00
Sell,5888.0,5890.0,-2.0,False,True,Morning,2025-04-15,11:10:00
Sell,5895.0,5897.0,-2.0,False,True,Morning,2025-04-15,11:15:00
Buy,5879.0,5877.0,-2.0,False,True,Morning,2025-04-15,11:20:00
Buy,5867.0,5865.0,-2.0,False,True,Morning,2025-04-15,11:25:00
Sell,5869.0,5871.0,-2.0,False,True,Morning,2025-04-15,11:30:00
Sell,5879.0,5881.0,-2.0,False,True,Afternoon,2025-04-15,12:30:00
Sell,5896.0,5898.0,-2.0,False,True,Afternoon,2025-04-15,12:35:00
Sell,5898.0,5900.0,-2.0,False,True,Afternoon,2025-04-15,12:40:00
Sell,5912.0,5914.0,-2.0,False,True,Afternoon,2025-04-15,12:45:00
Buy,5910.0,5908.0,-2.0,False,True,Afternoon,2025-04-15,12:50:00
Buy,5907.0,5905.0,-2.0,False,True,Afternoon,2025-04-15,12:55:00
Buy,5890.0,5888.0,-2.0,False,True,Afternoon,2025-04-15,13:00:00
Buy,5882.0,5880.0,-2.0,False,True,Afternoon,2025-04-15,13:05:00
Sell,5883.0,5885.0,-2.0,False,True,Afternoon,2025-04-15,13:10:00
Sell,5888.0,5890.0,-2.0,False,True,Afternoon,2025-04-15,13:15:00
Buy,5887.0,5885.0,-2.0,False,True,Afternoon,2025-04-15,13:20:00
,5888.0,,0.0,False,False,Afternoon,2025-04-15,13:25:00
Buy,5874.0,5872.0,-2.0,False,True,Afternoon,2025-04-15,13:30:00
Sell,5877.0,5879.0,-2.0,False,True,Afternoon,2025-04-15,13:35:00
Buy,5869.0,5867.0,-2.0,False,True,Afternoon,2025-04-15,13:40:00
Sell,5876.0,5878.0,-2.0,False,True,Afternoon,2025-04-15,13:45:00
,5876.0,,0.0,False,False,Afternoon,2025-04-15,13:50:00
Buy,5864.0,5862.0,-2.0,False,True,Afternoon,2025-04-15,13:55:00
,5864.0,,0.0,False,False,Afternoon,2025-04-15,14:00:00
Buy,5853.0,5851.0,-2.0,False,True,Afternoon,2025-04-15,14:05:00
Sell,5863.0,5865.0,-2.0,False,True,Afternoon,2025-04-15,14:10:00
Sell,5864.0,5866.0,-2.0,False,True,Afternoon,2025-04-15,14:15:00
Sell,5876.0,5878.0,-2.0,False,True,Afternoon,2025-04-15,14:20:00
Sell,5882.0,5872.0,10.0,False,False,Afternoon,2025-04-15,14:25:00
Buy,5873.0,5871.0,-2.0,False,True,Afternoon,2025-04-15,14:30:00
Buy,5864.0,5869.0,5.0,False,False,Afternoon,2025-04-15,14:35:00
Sell,5868.0,5856.0,12.0,False,False,Afternoon,2025-04-15,14:40:00
Buy,5856.0,5858.0,2.0,False,False,Afternoon,2025-04-15,14:45:00
Sell,5858.0,5860.0,-2.0,False,True,Afternoon,2025-04-15,14:50:00
Sell,5864.0,5866.0,-2.0,False,True,Afternoon,2025-04-15,14:55:00
Buy,5861.0,5859.0,-2.0,False,True,Afternoon,2025-04-15,15:00:00
Buy,5844.0,5842.0,-2.0,False,True,Afternoon,2025-04-15,15:05:00
Buy,5825.0,5827.0,2.0,False,False,Afternoon,2025-04-15,15:10:00
Sell,5828.0,5804.0,24.0,True,False,Afternoon,2025-04-15,15:15:00
Buy,5806.0,5804.0,-2.0,False,True,Afternoon,2025-04-15,15:20:00
Sell,5521.0,5497.0,24.0,True,False,Morning,2025-04-16,09:05:00
Buy,5500.0,5524.0,24.0,True,False,Morning,2025-04-16,09:10:00
Sell,5581.0,5557.0,24.0,True,False,Morning,2025-04-16,09:15:00
Buy,5564.0,5562.0,-2.0,False,True,Morning,2025-04-16,09:20:00
Buy,5532.0,5556.0,24.0,True,False,Morning,2025-04-16,09:25:00
Sell,5559.0,5561.0,-2.0,False,True,Morning,2025-04-16,09:30:00
Buy,5559.0,5557.0,-2.0,False,True,Morning,2025-04-16,09:35:00
Sell,5564.0,5540.0,24.0,True,False,Morning,2025-04-16,09:40:00
Buy,5546.0,5544.0,-2.0,False,True,Morning,2025-04-16,09:45:00
Buy,5541.0,5539.0,-2.0,False,True,Morning,2025-04-16,09:50:00
Sell,5556.0,5532.0,24.0,True,False,Morning,2025-04-16,09:55:00
Buy,5527.0,5525.0,-2.0,False,True,Morning,2025-04-16,10:00:00
Buy,5501.0,5499.0,-2.0,False,True,Morning,2025-04-16,10:05:00
Sell,5510.0,5512.0,-2.0,False,True,Morning,2025-04-16,10:10:00
Sell,5511.0,5513.0,-2.0,False,True,Morning,2025-04-16,10:15:00
Sell,5518.0,5520.0,-2.0,False,True,Morning,2025-04-16,10:20:00
Sell,5546.0,5548.0,-2.0,False,True,Morning,2025-04-16,10:25:00
Buy,5533.0,5531.0,-2.0,False,True,Morning,2025-04-16,10:30:00
Buy,5533.0,5531.0,-2.0,False,True,Morning,2025-04-16,10:35:00
Buy,5513.0,5511.0,-2.0,False,True,Morning,2025-04-16,10:40:00
Sell,5518.0,5520.0,-2.0,False,True,Morning,2025-04-16,10:45:00
Sell,5534.0,5536.0,-2.0,False,True,Morning,2025-04-16,10:50:00
Buy,5530.0,5528.0,-2.0,False,True,Morning,2025-04-16,10:55:00
Sell,5533.0,5535.0,-2.0,False,True,Morning,2025-04-16,11:00:00
Buy,5526.0,5524.0,-2.0,False,True,Morning,2025-04-16,11:05:00
Buy,5515.0,5513.0,-2.0,False,True,Morning,2025-04-16,11:10:00
Buy,5511.0,5509.0,-2.0,False,True,Morning,2025-04-16,11:15:00
Buy,5508.0,5506.0,-2.0,False,True,Morning,2025-04-16,11:20:00
Buy,5497.0,5495.0,-2.0,False,True,Morning,2025-04-16,11:25:00
Sell,5498.0,5496.0,2.0,False,False,Morning,2025-04-16,11:30:00
Buy,5500.0,5524.0,24.0,True,False,Afternoon,2025-04-16,12:30:00
Sell,5514.0,5516.0,-2.0,False,True,Afternoon,2025-04-16,12:35:00
Sell,5525.0,5527.0,-2.0,False,True,Afternoon,2025-04-16,12:40:00
Buy,5522.0,5520.0,-2.0,False,True,Afternoon,2025-04-16,12:45:00
,5522.0,,0.0,False,False,Afternoon,2025-04-16,12:50:00
Sell,5524.0,5526.0,-2.0,False,True,Afternoon,2025-04-16,12:55:00
Buy,5510.0,5508.0,-2.0,False,True,Afternoon,2025-04-16,13:00:00
Sell,5518.0,5520.0,-2.0,False,True,Afternoon,2025-04-16,13:05:00
Buy,5515.0,5513.0,-2.0,False,True,Afternoon,2025-04-16,13:10:00
Sell,5516.0,5518.0,-2.0,False,True,Afternoon,2025-04-16,13:15:00
Sell,5524.0,5500.0,24.0,True,False,Afternoon,2025-04-16,13:20:00
Buy,5511.0,5509.0,-2.0,False,True,Afternoon,2025-04-16,13:25:00
Buy,5506.0,5504.0,-2.0,False,True,Afternoon,2025-04-16,13:30:00
Sell,5511.0,5506.0,5.0,False,False,Afternoon,2025-04-16,13:35:00
Buy,5505.0,5503.0,-2.0,False,True,Afternoon,2025-04-16,13:40:00
Sell,5507.0,5502.0,5.0,False,False,Afternoon,2025-04-16,13:45:00
Buy,5503.0,5501.0,-2.0,False,True,Afternoon,2025-04-16,13:50:00
Buy,5483.0,5481.0,-2.0,False,True,Afternoon,2025-04-16,13:55:00
Sell,5485.0,5461.0,24.0,True,False,Afternoon,2025-04-16,14:00:00
Buy,5425.0,5423.0,-2.0,False,True,Afternoon,2025-04-16,14:05:00
,5425.0,,0.0,False,False,Afternoon,2025-04-16,14:10:00
,5425.0,,0.0,False,False,Afternoon,2025-04-16,14:15:00
Buy,5406.0,5404.0,-2.0,False,True,Afternoon,2025-04-16,14:20:00
Buy,5379.0,5377.0,-2.0,False,True,Afternoon,2025-04-16,14:25:00
Buy,5377.0,5375.0,-2.0,False,True,Afternoon,2025-04-16,14:30:00
Buy,5367.0,5365.0,-2.0,False,True,Afternoon,2025-04-16,14:35:00
Buy,5362.0,5360.0,-2.0,False,True,Afternoon,2025-04-16,14:40:00
Sell,5369.0,5371.0,-2.0,False,True,Afternoon,2025-04-16,14:45:00
Buy,5366.0,5364.0,-2.0,False,True,Afternoon,2025-04-16,14:50:00
Sell,5371.0,5373.0,-2.0,False,True,Afternoon,2025-04-16,14:55:00
Buy,5361.0,5385.0,24.0,True,False,Afternoon,2025-04-16,15:00:00
Sell,5384.0,5386.0,-2.0,False,True,Afternoon,2025-04-16,15:05:00
Sell,5421.0,5423.0,-2.0,False,True,Afternoon,2025-04-16,15:10:00
Buy,5417.0,5415.0,-2.0,False,True,Afternoon,2025-04-16,15:15:00
Sell,5430.0,5409.0,21.0,False,False,Afternoon,2025-04-16,15:20:00
Buy,5615.0,5613.0,-2.0,False,True,Morning,2025-04-17,09:05:00
Buy,5523.0,5521.0,-2.0,False,True,Morning,2025-04-17,09:10:00
Sell,5531.0,5507.0,24.0,True,False,Morning,2025-04-17,09:15:00
Buy,5489.0,5513.0,24.0,True,False,Morning,2025-04-17,09:20:00
Sell,5513.0,5515.0,-2.0,False,True,Morning,2025-04-17,09:25:00
Buy,5504.0,5502.0,-2.0,False,True,Morning,2025-04-17,09:30:00
Buy,5487.0,5485.0,-2.0,False,True,Morning,2025-04-17,09:35:00
Buy,5473.0,5471.0,-2.0,False,True,Morning,2025-04-17,09:40:00
Sell,5477.0,5479.0,-2.0,False,True,Morning,2025-04-17,09:45:00
Sell,5482.0,5484.0,-2.0,False,True,Morning,2025-04-17,09:50:00
Sell,5517.0,5519.0,-2.0,False,True,Morning,2025-04-17,09:55:00
Sell,5552.0,5554.0,-2.0,False,True,Morning,2025-04-17,10:00:00
Sell,5553.0,5555.0,-2.0,False,True,Morning,2025-04-17,10:05:00
Sell,5561.0,5537.0,24.0,True,False,Morning,2025-04-17,10:10:00
Buy,5554.0,5552.0,-2.0,False,True,Morning,2025-04-17,10:15:00
Buy,5542.0,5550.0,8.0,False,False,Morning,2025-04-17,10:20:00
Sell,5550.0,5552.0,-2.0,False,True,Morning,2025-04-17,10:25:00
Sell,5559.0,5561.0,-2.0,False,True,Morning,2025-04-17,10:30:00
Sell,5584.0,5560.0,24.0,True,False,Morning,2025-04-17,10:35:00
Buy,5554.0,5568.0,14.0,False,False,Morning,2025-04-17,10:40:00
Sell,5569.0,5571.0,-2.0,False,True,Morning,2025-04-17,10:45:00
Buy,5555.0,5553.0,-2.0,False,True,Morning,2025-04-17,10:50:00
Buy,5545.0,5543.0,-2.0,False,True,Morning,2025-04-17,10:55:00
,5544.0,,0.0,False,False,Morning,2025-04-17,11:00:00
Sell,5560.0,5562.0,-2.0,False,True,Morning,2025-04-17,11:05:00
Sell,5561.0,5555.0,6.0,False,False,Morning,2025-04-17,11:10:00
Buy,5556.0,5565.0,9.0,False,False,Morning,2025-04-17,11:15:00
Sell,5565.0,5567.0,-2.0,False,True,Morning,2025-04-17,11:20:00
Buy,5558.0,5582.0,24.0,True,False,Morning,2025-04-17,11:25:00
Sell,5587.0,5587.0,0.0,False,False,Morning,2025-04-17,11:30:00
,5591.0,,0.0,False,False,Afternoon,2025-04-17,12:30:00
Buy,5567.0,5565.0,-2.0,False,True,Afternoon,2025-04-17,12:35:00
,5567.0,,0.0,False,False,Afternoon,2025-04-17,12:40:00
Buy,5546.0,5544.0,-2.0,False,True,Afternoon,2025-04-17,12:45:00
Sell,5557.0,5559.0,-2.0,False,True,Afternoon,2025-04-17,12:50:00
Sell,5559.0,5561.0,-2.0,False,True,Afternoon,2025-04-17,12:55:00
Sell,5565.0,5567.0,-2.0,False,True,Afternoon,2025-04-17,13:00:00
Sell,5567.0,5569.0,-2.0,False,True,Afternoon,2025-04-17,13:05:00
Buy,5558.0,5569.0,11.0,False,False,Afternoon,2025-04-17,13:10:00
Sell,5569.0,5571.0,-2.0,False,True,Afternoon,2025-04-17,13:15:00
Buy,5563.0,5561.0,-2.0,False,True,Afternoon,2025-04-17,13:20:00
,5563.0,,0.0,False,False,Afternoon,2025-04-17,13:25:00
Sell,5565.0,5558.0,7.0,False,False,Afternoon,2025-04-17,13:30:00
Buy,5558.0,5556.0,-2.0,False,True,Afternoon,2025-04-17,13:35:00
Buy,5553.0,5561.0,8.0,False,False,Afternoon,2025-04-17,13:40:00
Sell,5561.0,5537.0,24.0,True,False,Afternoon,2025-04-17,13:45:00
Buy,5538.0,5536.0,-2.0,False,True,Afternoon,2025-04-17,13:50:00
Buy,5535.0,5533.0,-2.0,False,True,Afternoon,2025-04-17,13:55:00
Sell,5538.0,5526.0,12.0,False,False,Afternoon,2025-04-17,14:00:00
Buy,5527.0,5525.0,-2.0,False,True,Afternoon,2025-04-17,14:05:00
Buy,5518.0,5516.0,-2.0,False,True,Afternoon,2025-04-17,14:10:00
Sell,5531.0,5533.0,-2.0,False,True,Afternoon,2025-04-17,14:15:00
Sell,5535.0,5537.0,-2.0,False,True,Afternoon,2025-04-17,14:20:00
Buy,5535.0,5533.0,-2.0,False,True,Afternoon,2025-04-17,14:25:00
Buy,5528.0,5552.0,24.0,True,False,Afternoon,2025-04-17,14:30:00
Sell,5564.0,5566.0,-2.0,False,True,Afternoon,2025-04-17,14:35:00
Sell,5596.0,5598.0,-2.0,False,True,Afternoon,2025-04-17,14:40:00
Buy,5591.0,5601.0,10.0,False,False,Afternoon,2025-04-17,14:45:00
Sell,5600.0,5576.0,24.0,True,False,Afternoon,2025-04-17,14:50:00
Buy,5560.0,5558.0,-2.0,False,True,Afternoon,2025-04-17,14:55:00
Sell,5571.0,5547.0,24.0,True,False,Afternoon,2025-04-17,15:00:00
Buy,5544.0,5568.0,24.0,True,False,Afternoon,2025-04-17,15:05:00
Sell,5563.0,5565.0,-2.0,False,True,Afternoon,2025-04-17,15:10:00
Sell,5581.0,5583.0,-2.0,False,True,Afternoon,2025-04-17,15:15:00
Sell,5593.0,5595.0,-2.0,False,True,Afternoon,2025-04-17,15:20:00
Sell,5542.0,5518.0,24.0,True,False,Morning,2025-04-18,09:05:00
Buy,5495.0,5493.0,-2.0,False,True,Morning,2025-04-18,09:10:00
Buy,5467.0,5465.0,-2.0,False,True,Morning,2025-04-18,09:15:00
Buy,5464.0,5462.0,-2.0,False,True,Morning,2025-04-18,09:20:00
Sell,5481.0,5483.0,-2.0,False,True,Morning,2025-04-18,09:25:00
Sell,5490.0,5492.0,-2.0,False,True,Morning,2025-04-18,09:30:00
Buy,5482.0,5500.0,18.0,False,False,Morning,2025-04-18,09:35:00
Sell,5500.0,5502.0,-2.0,False,True,Morning,2025-04-18,09:40:00
Buy,5495.0,5519.0,24.0,True,False,Morning,2025-04-18,09:45:00
Sell,5519.0,5521.0,-2.0,False,True,Morning,2025-04-18,09:50:00
Sell,5529.0,5531.0,-2.0,False,True,Morning,2025-04-18,09:55:00
Sell,5541.0,5543.0,-2.0,False,True,Morning,2025-04-18,10:00:00
Sell,5547.0,5549.0,-2.0,False,True,Morning,2025-04-18,10:05:00
Sell,5586.0,5562.0,24.0,True,False,Morning,2025-04-18,10:10:00
Buy,5567.0,5565.0,-2.0,False,True,Morning,2025-04-18,10:15:00
Buy,5557.0,5555.0,-2.0,False,True,Morning,2025-04-18,10:20:00
Buy,5549.0,5547.0,-2.0,False,True,Morning,2025-04-18,10:25:00
Buy,5547.0,5545.0,-2.0,False,True,Morning,2025-04-18,10:30:00
Sell,5562.0,5551.0,11.0,False,False,Morning,2025-04-18,10:35:00
Buy,5552.0,5550.0,-2.0,False,True,Morning,2025-04-18,10:40:00
Buy,5545.0,5543.0,-2.0,False,True,Morning,2025-04-18,10:45:00
Buy,5522.0,5520.0,-2.0,False,True,Morning,2025-04-18,10:50:00
Buy,5510.0,5508.0,-2.0,False,True,Morning,2025-04-18,10:55:00
Buy,5499.0,5497.0,-2.0,False,True,Morning,2025-04-18,11:00:00
Sell,5508.0,5510.0,-2.0,False,True,Morning,2025-04-18,11:05:00
Sell,5521.0,5523.0,-2.0,False,True,Morning,2025-04-18,11:10:00
Buy,5518.0,5516.0,-2.0,False,True,Morning,2025-04-18,11:15:00
Sell,5519.0,5495.0,24.0,True,False,Morning,2025-04-18,11:20:00
Buy,5496.0,5494.0,-2.0,False,True,Morning,2025-04-18,11:25:00
Sell,5499.0,5499.0,0.0,False,False,Morning,2025-04-18,11:30:00
,5510.0,,0.0,False,False,Afternoon,2025-04-18,12:30:00
Buy,5507.0,5505.0,-2.0,False,True,Afternoon,2025-04-18,12:35:00
Buy,5474.0,5472.0,-2.0,False,True,Afternoon,2025-04-18,12:40:00
Sell,5480.0,5482.0,-2.0,False,True,Afternoon,2025-04-18,12:45:00
Buy,5479.0,5477.0,-2.0,False,True,Afternoon,2025-04-18,12:50:00
Sell,5488.0,5490.0,-2.0,False,True,Afternoon,2025-04-18,12:55:00
Sell,5498.0,5500.0,-2.0,False,True,Afternoon,2025-04-18,13:00:00
Buy,5493.0,5491.0,-2.0,False,True,Afternoon,2025-04-18,13:05:00
,5492.0,,0.0,False,False,Afternoon,2025-04-18,13:10:00
Sell,5499.0,5493.0,6.0,False,False,Afternoon,2025-04-18,13:15:00
Buy,5494.0,5492.0,-2.0,False,True,Afternoon,2025-04-18,13:20:00
Buy,5481.0,5479.0,-2.0,False,True,Afternoon,2025-04-18,13:25:00
Buy,5480.0,5478.0,-2.0,False,True,Afternoon,2025-04-18,13:30:00
Buy,5471.0,5469.0,-2.0,False,True,Afternoon,2025-04-18,13:35:00
Buy,5464.0,5469.0,5.0,False,False,Afternoon,2025-04-18,13:40:00
Sell,5469.0,5471.0,-2.0,False,True,Afternoon,2025-04-18,13:45:00
Sell,5483.0,5485.0,-2.0,False,True,Afternoon,2025-04-18,13:50:00
Buy,5474.0,5472.0,-2.0,False,True,Afternoon,2025-04-18,13:55:00
Buy,5472.0,5470.0,-2.0,False,True,Afternoon,2025-04-18,14:00:00
Sell,5480.0,5482.0,-2.0,False,True,Afternoon,2025-04-18,14:05:00
Sell,5499.0,5501.0,-2.0,False,True,Afternoon,2025-04-18,14:10:00
Sell,5501.0,5496.0,5.0,False,False,Afternoon,2025-04-18,14:15:00
Buy,5496.0,5494.0,-2.0,False,True,Afternoon,2025-04-18,14:20:00
Buy,5493.0,5493.0,0.0,False,False,Afternoon,2025-04-18,14:25:00
,5492.0,,0.0,False,False,Afternoon,2025-04-18,14:30:00
Buy,5482.0,5491.0,9.0,False,False,Afternoon,2025-04-18,14:35:00
Sell,5490.0,5492.0,-2.0,False,True,Afternoon,2025-04-18,14:40:00
Sell,5498.0,5500.0,-2.0,False,True,Afternoon,2025-04-18,14:45:00
Buy,5489.0,5487.0,-2.0,False,True,Afternoon,2025-04-18,14:50:00
Sell,5489.0,5485.0,4.0,False,False,Afternoon,2025-04-18,14:55:00
Buy,5486.0,5484.0,-2.0,False,True,Afternoon,2025-04-18,15:00:00
Buy,5471.0,5469.0,-2.0,False,True,Afternoon,2025-04-18,15:05:00
Sell,5473.0,5475.0,-2.0,False,True,Afternoon,2025-04-18,15:10:00
Sell,5477.0,5479.0,-2.0,False,True,Afternoon,2025-04-18,15:15:00
Sell,5481.0,5483.0,-2.0,False,True,Afternoon,2025-04-18,15:20:00
Sell,5432.0,5408.0,24.0,True,False,Morning,2025-04-21,09:00:00
Buy,5423.0,5447.0,24.0,True,False,Morning,2025-04-21,09:05:00
Sell,5442.0,5444.0,-2.0,False,True,Morning,2025-04-21,09:10:00
Sell,5497.0,5473.0,24.0,True,False,Morning,2025-04-21,09:15:00
Buy,5477.0,5475.0,-2.0,False,True,Morning,2025-04-21,09:20:00
Sell,5483.0,5485.0,-2.0,False,True,Morning,2025-04-21,09:25:00
Sell,5492.0,5494.0,-2.0,False,True,Morning,2025-04-21,09:30:00
Sell,5503.0,5505.0,-2.0,False,True,Morning,2025-04-21,09:35:00
Sell,5510.0,5512.0,-2.0,False,True,Morning,2025-04-21,09:40:00
Sell,5519.0,5506.0,13.0,False,False,Morning,2025-04-21,09:45:00
Buy,5505.0,5503.0,-2.0,False,True,Morning,2025-04-21,09:50:00
Buy,5497.0,5495.0,-2.0,False,True,Morning,2025-04-21,09:55:00
Buy,5494.0,5492.0,-2.0,False,True,Morning,2025-04-21,10:00:00
Buy,5484.0,5482.0,-2.0,False,True,Morning,2025-04-21,10:05:00
Buy,5462.0,5460.0,-2.0,False,True,Morning,2025-04-21,10:10:00
Sell,5474.0,5476.0,-2.0,False,True,Morning,2025-04-21,10:15:00
Buy,5461.0,5459.0,-2.0,False,True,Morning,2025-04-21,10:20:00
Sell,5475.0,5451.0,24.0,True,False,Morning,2025-04-21,10:25:00
Buy,5453.0,5451.0,-2.0,False,True,Morning,2025-04-21,10:30:00
Sell,5456.0,5458.0,-2.0,False,True,Morning,2025-04-21,10:35:00
Sell,5474.0,5476.0,-2.0,False,True,Morning,2025-04-21,10:40:00
Sell,5477.0,5464.0,13.0,False,False,Morning,2025-04-21,10:45:00
Buy,5464.0,5462.0,-2.0,False,True,Morning,2025-04-21,10:50:00
Buy,5452.0,5450.0,-2.0,False,True,Morning,2025-04-21,10:55:00
,5452.0,,0.0,False,False,Morning,2025-04-21,11:00:00
Sell,5456.0,5458.0,-2.0,False,True,Morning,2025-04-21,11:05:00
Sell,5461.0,5463.0,-2.0,False,True,Morning,2025-04-21,11:10:00
Buy,5460.0,5458.0,-2.0,False,True,Morning,2025-04-21,11:15:00
Buy,5446.0,5444.0,-2.0,False,True,Morning,2025-04-21,11:20:00
Buy,5438.0,5436.0,-2.0,False,True,Morning,2025-04-21,11:25:00
Buy,5420.0,5420.0,0.0,False,False,Morning,2025-04-21,11:30:00
,5409.0,,0.0,False,False,Afternoon,2025-04-21,12:30:00
Sell,5419.0,5421.0,-2.0,False,True,Afternoon,2025-04-21,12:35:00
Buy,5414.0,5412.0,-2.0,False,True,Afternoon,2025-04-21,12:40:00
Buy,5413.0,5414.0,1.0,False,False,Afternoon,2025-04-21,12:45:00
Sell,5414.0,5403.0,11.0,False,False,Afternoon,2025-04-21,12:50:00
Buy,5403.0,5415.0,12.0,False,False,Afternoon,2025-04-21,12:55:00
Sell,5414.0,5416.0,-2.0,False,True,Afternoon,2025-04-21,13:00:00
Sell,5418.0,5420.0,-2.0,False,True,Afternoon,2025-04-21,13:05:00
Sell,5437.0,5439.0,-2.0,False,True,Afternoon,2025-04-21,13:10:00
Buy,5417.0,5415.0,-2.0,False,True,Afternoon,2025-04-21,13:15:00
Sell,5422.0,5424.0,-2.0,False,True,Afternoon,2025-04-21,13:20:00
Sell,5430.0,5432.0,-2.0,False,True,Afternoon,2025-04-21,13:25:00
,5431.0,,0.0,False,False,Afternoon,2025-04-21,13:30:00
Buy,5425.0,5423.0,-2.0,False,True,Afternoon,2025-04-21,13:35:00
Buy,5414.0,5412.0,-2.0,False,True,Afternoon,2025-04-21,13:40:00
Buy,5409.0,5407.0,-2.0,False,True,Afternoon,2025-04-21,13:45:00
Sell,5413.0,5415.0,-2.0,False,True,Afternoon,2025-04-21,13:50:00
Sell,5419.0,5421.0,-2.0,False,True,Afternoon,2025-04-21,13:55:00
Buy,5414.0,5423.0,9.0,False,False,Afternoon,2025-04-21,14:00:00
Sell,5423.0,5425.0,-2.0,False,True,Afternoon,2025-04-21,14:05:00
Buy,5418.0,5429.0,11.0,False,False,Afternoon,2025-04-21,14:10:00
Sell,5428.0,5430.0,-2.0,False,True,Afternoon,2025-04-21,14:15:00
Buy,5428.0,5426.0,-2.0,False,True,Afternoon,2025-04-21,14:20:00
,5428.0,,0.0,False,False,Afternoon,2025-04-21,14:25:00
Buy,5426.0,5424.0,-2.0,False,True,Afternoon,2025-04-21,14:30:00
Buy,5418.0,5416.0,-2.0,False,True,Afternoon,2025-04-21,14:35:00
Sell,5421.0,5423.0,-2.0,False,True,Afternoon,2025-04-21,14:40:00
Sell,5436.0,5438.0,-2.0,False,True,Afternoon,2025-04-21,14:45:00
Sell,5442.0,5444.0,-2.0,False,True,Afternoon,2025-04-21,14:50:00
Buy,5440.0,5438.0,-2.0,False,True,Afternoon,2025-04-21,14:55:00
Buy,5434.0,5432.0,-2.0,False,True,Afternoon,2025-04-21,15:00:00
Sell,5455.0,5457.0,-2.0,False,True,Afternoon,2025-04-21,15:05:00
Sell,5464.0,5454.0,10.0,False,False,Afternoon,2025-04-21,15:10:00
Buy,5455.0,5453.0,-2.0,False,True,Afternoon,2025-04-21,15:15:00
Buy,5441.0,5439.0,-2.0,False,True,Afternoon,2025-04-21,15:20:00
Buy,5428.0,5452.0,24.0,True,False,Morning,2025-04-22,09:05:00
Sell,5439.0,5441.0,-2.0,False,True,Morning,2025-04-22,09:10:00
Sell,5445.0,5421.0,24.0,True,False,Morning,2025-04-22,09:15:00
Buy,5422.0,5420.0,-2.0,False,True,Morning,2025-04-22,09:20:00
Buy,5394.0,5392.0,-2.0,False,True,Morning,2025-04-22,09:25:00
Buy,5374.0,5372.0,-2.0,False,True,Morning,2025-04-22,09:30:00
,5374.0,,0.0,False,False,Morning,2025-04-22,09:35:00
Buy,5357.0,5355.0,-2.0,False,True,Morning,2025-04-22,09:40:00
Buy,5346.0,5370.0,24.0,True,False,Morning,2025-04-22,09:45:00
Sell,5374.0,5376.0,-2.0,False,True,Morning,2025-04-22,09:50:00
Buy,5370.0,5394.0,24.0,True,False,Morning,2025-04-22,09:55:00
Sell,5385.0,5361.0,24.0,True,False,Morning,2025-04-22,10:00:00
Buy,5362.0,5386.0,24.0,True,False,Morning,2025-04-22,10:05:00
Sell,5389.0,5391.0,-2.0,False,True,Morning,2025-04-22,10:10:00
,5389.0,,0.0,False,False,Morning,2025-04-22,10:15:00
Buy,5383.0,5401.0,18.0,False,False,Morning,2025-04-22,10:20:00
Sell,5401.0,5403.0,-2.0,False,True,Morning,2025-04-22,10:25:00
Buy,5393.0,5391.0,-2.0,False,True,Morning,2025-04-22,10:30:00
Sell,5405.0,5407.0,-2.0,False,True,Morning,2025-04-22,10:35:00
Buy,5395.0,5415.0,20.0,False,False,Morning,2025-04-22,10:40:00
Sell,5415.0,5417.0,-2.0,False,True,Morning,2025-04-22,10:45:00
Buy,5408.0,5406.0,-2.0,False,True,Morning,2025-04-22,10:50:00
Buy,5404.0,5402.0,-2.0,False,True,Morning,2025-04-22,10:55:00
Buy,5397.0,5395.0,-2.0,False,True,Morning,2025-04-22,11:00:00
Sell,5400.0,5402.0,-2.0,False,True,Morning,2025-04-22,11:05:00
Buy,5394.0,5392.0,-2.0,False,True,Morning,2025-04-22,11:10:00
Buy,5392.0,5398.0,6.0,False,False,Morning,2025-04-22,11:15:00
Sell,5398.0,5391.0,7.0,False,False,Morning,2025-04-22,11:20:00
Buy,5391.0,5389.0,-2.0,False,True,Morning,2025-04-22,11:25:00
Buy,5381.0,5382.0,1.0,False,False,Morning,2025-04-22,11:30:00
Sell,5361.0,5363.0,-2.0,False,True,Afternoon,2025-04-22,12:30:00
Buy,5355.0,5366.0,11.0,False,False,Afternoon,2025-04-22,12:35:00
Sell,5367.0,5369.0,-2.0,False,True,Afternoon,2025-04-22,12:40:00
Sell,5389.0,5391.0,-2.0,False,True,Afternoon,2025-04-22,12:45:00
Buy,5387.0,5385.0,-2.0,False,True,Afternoon,2025-04-22,12:50:00
Buy,5378.0,5376.0,-2.0,False,True,Afternoon,2025-04-22,12:55:00
Sell,5380.0,5372.0,8.0,False,False,Afternoon,2025-04-22,13:00:00
Buy,5371.0,5369.0,-2.0,False,True,Afternoon,2025-04-22,13:05:00
Sell,5376.0,5378.0,-2.0,False,True,Afternoon,2025-04-22,13:10:00
Sell,5383.0,5379.0,4.0,False,False,Afternoon,2025-04-22,13:15:00
Buy,5378.0,5376.0,-2.0,False,True,Afternoon,2025-04-22,13:20:00
Buy,5363.0,5361.0,-2.0,False,True,Afternoon,2025-04-22,13:25:00
Buy,5360.0,5358.0,-2.0,False,True,Afternoon,2025-04-22,13:30:00
Sell,5371.0,5373.0,-2.0,False,True,Afternoon,2025-04-22,13:35:00
Buy,5367.0,5365.0,-2.0,False,True,Afternoon,2025-04-22,13:40:00
,5368.0,,0.0,False,False,Afternoon,2025-04-22,13:45:00
Sell,5375.0,5377.0,-2.0,False,True,Afternoon,2025-04-22,13:50:00
Sell,5375.0,5377.0,-2.0,False,True,Afternoon,2025-04-22,13:55:00
Sell,5379.0,5355.0,24.0,True,False,Afternoon,2025-04-22,14:00:00
Buy,5358.0,5356.0,-2.0,False,True,Afternoon,2025-04-22,14:05:00
Sell,5367.0,5369.0,-2.0,False,True,Afternoon,2025-04-22,14:10:00
Buy,5359.0,5357.0,-2.0,False,True,Afternoon,2025-04-22,14:15:00
Buy,5356.0,5354.0,-2.0,False,True,Afternoon,2025-04-22,14:20:00
Buy,5353.0,5351.0,-2.0,False,True,Afternoon,2025-04-22,14:25:00
Buy,5353.0,5356.0,3.0,False,False,Afternoon,2025-04-22,14:30:00
Sell,5356.0,5358.0,-2.0,False,True,Afternoon,2025-04-22,14:35:00
Sell,5368.0,5370.0,-2.0,False,True,Afternoon,2025-04-22,14:40:00
Buy,5366.0,5364.0,-2.0,False,True,Afternoon,2025-04-22,14:45:00
Buy,5364.0,5362.0,-2.0,False,True,Afternoon,2025-04-22,14:50:00
,5364.0,,0.0,False,False,Afternoon,2025-04-22,14:55:00
,5364.0,,0.0,False,False,Afternoon,2025-04-22,15:00:00
Sell,5378.0,5380.0,-2.0,False,True,Afternoon,2025-04-22,15:05:00
Sell,5387.0,5375.0,12.0,False,False,Afternoon,2025-04-22,15:10:00
Buy,5375.0,5373.0,-2.0,False,True,Afternoon,2025-04-22,15:15:00
Buy,5361.0,5382.0,21.0,False,False,Afternoon,2025-04-22,15:20:00
Sell,5600.0,5576.0,24.0,True,False,Morning,2025-04-23,09:05:00
Buy,5561.0,5559.0,-2.0,False,True,Morning,2025-04-23,09:10:00
Buy,5542.0,5540.0,-2.0,False,True,Morning,2025-04-23,09:15:00
Buy,5533.0,5557.0,24.0,True,False,Morning,2025-04-23,09:20:00
Sell,5560.0,5536.0,24.0,True,False,Morning,2025-04-23,09:25:00
Buy,5540.0,5538.0,-2.0,False,True,Morning,2025-04-23,09:30:00
Buy,5515.0,5513.0,-2.0,False,True,Morning,2025-04-23,09:35:00
Buy,5505.0,5503.0,-2.0,False,True,Morning,2025-04-23,09:40:00
Sell,5506.0,5508.0,-2.0,False,True,Morning,2025-04-23,09:45:00
Buy,5495.0,5512.0,17.0,False,False,Morning,2025-04-23,09:50:00
Sell,5512.0,5514.0,-2.0,False,True,Morning,2025-04-23,09:55:00
Buy,5507.0,5505.0,-2.0,False,True,Morning,2025-04-23,10:00:00
Buy,5503.0,5501.0,-2.0,False,True,Morning,2025-04-23,10:05:00
Sell,5505.0,5507.0,-2.0,False,True,Morning,2025-04-23,10:10:00
Sell,5522.0,5524.0,-2.0,False,True,Morning,2025-04-23,10:15:00
Sell,5533.0,5535.0,-2.0,False,True,Morning,2025-04-23,10:20:00
Buy,5513.0,5537.0,24.0,True,False,Morning,2025-04-23,10:25:00
Sell,5535.0,5511.0,24.0,True,False,Morning,2025-04-23,10:30:00
Buy,5504.0,5502.0,-2.0,False,True,Morning,2025-04-23,10:35:00
Buy,5475.0,5473.0,-2.0,False,True,Morning,2025-04-23,10:40:00
Sell,5492.0,5494.0,-2.0,False,True,Morning,2025-04-23,10:45:00
Buy,5475.0,5481.0,6.0,False,False,Morning,2025-04-23,10:50:00
Sell,5481.0,5483.0,-2.0,False,True,Morning,2025-04-23,10:55:00
Sell,5495.0,5491.0,4.0,False,False,Morning,2025-04-23,11:00:00
Buy,5490.0,5498.0,8.0,False,False,Morning,2025-04-23,11:05:00
Sell,5500.0,5502.0,-2.0,False,True,Morning,2025-04-23,11:10:00
Sell,5504.0,5506.0,-2.0,False,True,Morning,2025-04-23,11:15:00
Sell,5518.0,5520.0,-2.0,False,True,Morning,2025-04-23,11:20:00
Buy,5509.0,5513.0,4.0,False,False,Morning,2025-04-23,11:25:00
Sell,5516.0,5516.0,0.0,False,False,Morning,2025-04-23,11:30:00
,5540.0,,0.0,False,False,Afternoon,2025-04-23,12:30:00
Buy,5523.0,5540.0,17.0,False,False,Afternoon,2025-04-23,12:35:00
Sell,5540.0,5542.0,-2.0,False,True,Afternoon,2025-04-23,12:40:00
Sell,5542.0,5544.0,-2.0,False,True,Afternoon,2025-04-23,12:45:00
Sell,5548.0,5548.0,0.0,False,False,Afternoon,2025-04-23,12:50:00
,5548.0,,0.0,False,False,Afternoon,2025-04-23,12:55:00
Sell,5559.0,5561.0,-2.0,False,True,Afternoon,2025-04-23,13:00:00
Sell,5560.0,5548.0,12.0,False,False,Afternoon,2025-04-23,13:05:00
Buy,5548.0,5546.0,-2.0,False,True,Afternoon,2025-04-23,13:10:00
Buy,5548.0,5546.0,-2.0,False,True,Afternoon,2025-04-23,13:15:00
Buy,5531.0,5529.0,-2.0,False,True,Afternoon,2025-04-23,13:20:00
Buy,5530.0,5528.0,-2.0,False,True,Afternoon,2025-04-23,13:25:00
Buy,5526.0,5524.0,-2.0,False,True,Afternoon,2025-04-23,13:30:00
Sell,5528.0,5517.0,11.0,False,False,Afternoon,2025-04-23,13:35:00
Buy,5517.0,5515.0,-2.0,False,True,Afternoon,2025-04-23,13:40:00
Sell,5517.0,5519.0,-2.0,False,True,Afternoon,2025-04-23,13:45:00
Sell,5520.0,5522.0,-2.0,False,True,Afternoon,2025-04-23,13:50:00
Sell,5535.0,5537.0,-2.0,False,True,Afternoon,2025-04-23,13:55:00
Buy,5533.0,5531.0,-2.0,False,True,Afternoon,2025-04-23,14:00:00
Buy,5515.0,5521.0,6.0,False,False,Afternoon,2025-04-23,14:05:00
Sell,5522.0,5513.0,9.0,False,False,Afternoon,2025-04-23,14:10:00
Buy,5513.0,5511.0,-2.0,False,True,Afternoon,2025-04-23,14:15:00
Buy,5505.0,5503.0,-2.0,False,True,Afternoon,2025-04-23,14:20:00
Sell,5520.0,5522.0,-2.0,False,True,Afternoon,2025-04-23,14:25:00
Sell,5526.0,5528.0,-2.0,False,True,Afternoon,2025-04-23,14:30:00
Sell,5538.0,5540.0,-2.0,False,True,Afternoon,2025-04-23,14:35:00
Sell,5549.0,5551.0,-2.0,False,True,Afternoon,2025-04-23,14:40:00
Sell,5553.0,5555.0,-2.0,False,True,Afternoon,2025-04-23,14:45:00
Buy,5545.0,5543.0,-2.0,False,True,Afternoon,2025-04-23,14:50:00
Sell,5550.0,5552.0,-2.0,False,True,Afternoon,2025-04-23,14:55:00
Buy,5549.0,5547.0,-2.0,False,True,Afternoon,2025-04-23,15:00:00
Buy,5541.0,5539.0,-2.0,False,True,Afternoon,2025-04-23,15:05:00
Buy,5532.0,5547.0,15.0,False,False,Afternoon,2025-04-23,15:10:00
Sell,5548.0,5550.0,-2.0,False,True,Afternoon,2025-04-23,15:15:00
Sell,5553.0,5555.0,-2.0,False,True,Afternoon,2025-04-23,15:20:00
Buy,5704.0,5704.0,0.0,False,False,Morning,2025-04-24,09:00:00
,5705.0,,0.0,False,False,Morning,2025-04-24,09:05:00
Sell,5727.0,5729.0,-2.0,False,True,Morning,2025-04-24,09:10:00
Buy,5724.0,5722.0,-2.0,False,True,Morning,2025-04-24,09:15:00
Buy,5715.0,5739.0,24.0,True,False,Morning,2025-04-24,09:20:00
Sell,5727.0,5729.0,-2.0,False,True,Morning,2025-04-24,09:25:00
Sell,5733.0,5728.0,5.0,False,False,Morning,2025-04-24,09:30:00
Buy,5728.0,5726.0,-2.0,False,True,Morning,2025-04-24,09:35:00
Buy,5712.0,5710.0,-2.0,False,True,Morning,2025-04-24,09:40:00
Buy,5706.0,5704.0,-2.0,False,True,Morning,2025-04-24,09:45:00
,5707.0,,0.0,False,False,Morning,2025-04-24,09:50:00
Sell,5741.0,5743.0,-2.0,False,True,Morning,2025-04-24,09:55:00
Sell,5749.0,5751.0,-2.0,False,True,Morning,2025-04-24,10:00:00
Sell,5754.0,5756.0,-2.0,False,True,Morning,2025-04-24,10:05:00
Sell,5763.0,5765.0,-2.0,False,True,Morning,2025-04-24,10:10:00
Buy,5757.0,5755.0,-2.0,False,True,Morning,2025-04-24,10:15:00
Buy,5742.0,5747.0,5.0,False,False,Morning,2025-04-24,10:20:00
Sell,5747.0,5749.0,-2.0,False,True,Morning,2025-04-24,10:25:00
Sell,5772.0,5774.0,-2.0,False,True,Morning,2025-04-24,10:30:00
Buy,5765.0,5763.0,-2.0,False,True,Morning,2025-04-24,10:35:00
Buy,5761.0,5759.0,-2.0,False,True,Morning,2025-04-24,10:40:00
Buy,5727.0,5725.0,-2.0,False,True,Morning,2025-04-24,10:45:00
Sell,5733.0,5735.0,-2.0,False,True,Morning,2025-04-24,10:50:00
Buy,5730.0,5728.0,-2.0,False,True,Morning,2025-04-24,10:55:00
Sell,5739.0,5741.0,-2.0,False,True,Morning,2025-04-24,11:00:00
Sell,5745.0,5747.0,-2.0,False,True,Morning,2025-04-24,11:05:00
Sell,5753.0,5755.0,-2.0,False,True,Morning,2025-04-24,11:10:00
Sell,5761.0,5763.0,-2.0,False,True,Morning,2025-04-24,11:15:00
Buy,5756.0,5771.0,15.0,False,False,Morning,2025-04-24,11:20:00
Sell,5772.0,5774.0,-2.0,False,True,Morning,2025-04-24,11:25:00
Sell,5779.0,5779.0,0.0,False,False,Morning,2025-04-24,11:30:00
,5769.0,,0.0,False,False,Afternoon,2025-04-24,12:30:00
Buy,5745.0,5743.0,-2.0,False,True,Afternoon,2025-04-24,12:35:00
Sell,5759.0,5761.0,-2.0,False,True,Afternoon,2025-04-24,12:40:00
Sell,5767.0,5769.0,-2.0,False,True,Afternoon,2025-04-24,12:45:00
Buy,5757.0,5755.0,-2.0,False,True,Afternoon,2025-04-24,12:50:00
Buy,5750.0,5748.0,-2.0,False,True,Afternoon,2025-04-24,12:55:00
Buy,5742.0,5740.0,-2.0,False,True,Afternoon,2025-04-24,13:00:00
Sell,5746.0,5748.0,-2.0,False,True,Afternoon,2025-04-24,13:05:00
Buy,5738.0,5736.0,-2.0,False,True,Afternoon,2025-04-24,13:10:00
Buy,5724.0,5722.0,-2.0,False,True,Afternoon,2025-04-24,13:15:00
Buy,5722.0,5727.0,5.0,False,False,Afternoon,2025-04-24,13:20:00
Sell,5727.0,5729.0,-2.0,False,True,Afternoon,2025-04-24,13:25:00
Buy,5726.0,5724.0,-2.0,False,True,Afternoon,2025-04-24,13:30:00
Buy,5719.0,5717.0,-2.0,False,True,Afternoon,2025-04-24,13:35:00
Buy,5712.0,5710.0,-2.0,False,True,Afternoon,2025-04-24,13:40:00
Sell,5725.0,5727.0,-2.0,False,True,Afternoon,2025-04-24,13:45:00
Buy,5721.0,5719.0,-2.0,False,True,Afternoon,2025-04-24,13:50:00
Sell,5723.0,5725.0,-2.0,False,True,Afternoon,2025-04-24,13:55:00
Sell,5725.0,5727.0,-2.0,False,True,Afternoon,2025-04-24,14:00:00
Sell,5741.0,5743.0,-2.0,False,True,Afternoon,2025-04-24,14:05:00
Buy,5737.0,5735.0,-2.0,False,True,Afternoon,2025-04-24,14:10:00
Buy,5730.0,5732.0,2.0,False,False,Afternoon,2025-04-24,14:15:00
Sell,5732.0,5725.0,7.0,False,False,Afternoon,2025-04-24,14:20:00
Buy,5724.0,5722.0,-2.0,False,True,Afternoon,2025-04-24,14:25:00
Sell,5728.0,5730.0,-2.0,False,True,Afternoon,2025-04-24,14:30:00
Sell,5738.0,5740.0,-2.0,False,True,Afternoon,2025-04-24,14:35:00
Sell,5754.0,5756.0,-2.0,False,True,Afternoon,2025-04-24,14:40:00
Buy,5751.0,5749.0,-2.0,False,True,Afternoon,2025-04-24,14:45:00
,5750.0,,0.0,False,False,Afternoon,2025-04-24,14:50:00
Buy,5738.0,5736.0,-2.0,False,True,Afternoon,2025-04-24,14:55:00
Buy,5729.0,5734.0,5.0,False,False,Afternoon,2025-04-24,15:00:00
Sell,5735.0,5737.0,-2.0,False,True,Afternoon,2025-04-24,15:05:00
Sell,5745.0,5747.0,-2.0,False,True,Afternoon,2025-04-24,15:10:00
Buy,5745.0,5743.0,-2.0,False,True,Afternoon,2025-04-24,15:15:00
Buy,5745.0,5743.0,-2.0,False,True,Afternoon,2025-04-24,15:20:00
